avaccine,cumulative_avaccine,date_vaccine_administered,province
0,0,2020-12-14,Alberta
20,20,2020-12-15,Alberta
0,20,2020-12-16,Alberta
374,394,2020-12-17,Alberta
0,394,2020-12-18,Alberta
0,394,2020-12-19,Alberta
1754,2148,2020-12-20,Alberta
0,2148,2020-12-21,Alberta
926,3074,2020-12-22,Alberta
562,3636,2020-12-23,Alberta
1075,4711,2020-12-24,Alberta
0,4711,2020-12-25,Alberta
0,4711,2020-12-26,Alberta
0,4711,2020-12-27,Alberta
1305,6016,2020-12-28,Alberta
486,6502,2020-12-29,Alberta
2042,8544,2020-12-30,Alberta
2558,11102,2020-12-31,Alberta
3142,14244,2021-01-01,Alberta
3000,17244,2021-01-02,Alberta
0,17244,2021-01-03,Alberta
5617,22861,2021-01-04,Alberta
3408,26269,2021-01-05,Alberta
3764,30033,2021-01-06,Alberta
3831,33864,2021-01-07,Alberta
3822,37686,2021-01-08,Alberta
4647,42333,2021-01-09,Alberta
2661,44994,2021-01-10,Alberta
1797,46791,2021-01-11,Alberta
5527,52318,2021-01-12,Alberta
5826,58144,2021-01-13,Alberta
8809,66953,2021-01-14,Alberta
7157,74110,2021-01-15,Alberta
7451,81561,2021-01-16,Alberta
4374,85935,2021-01-17,Alberta
3879,89814,2021-01-18,Alberta
2501,92315,2021-01-19,Alberta
2928,95243,2021-01-20,Alberta
1263,96506,2021-01-21,Alberta
1279,97785,2021-01-22,Alberta
1022,98807,2021-01-23,Alberta
240,99047,2021-01-24,Alberta
406,99453,2021-01-25,Alberta
361,99814,2021-01-26,Alberta
1309,101123,2021-01-27,Alberta
1401,102524,2021-01-28,Alberta
1803,104327,2021-01-29,Alberta
1425,105752,2021-01-30,Alberta
502,106254,2021-01-31,Alberta
93,106347,2021-02-01,Alberta
1091,107438,2021-02-02,Alberta
1903,109341,2021-02-03,Alberta
3047,112388,2021-02-04,Alberta
1678,114066,2021-02-05,Alberta
2650,116716,2021-02-06,Alberta
1668,118384,2021-02-07,Alberta
1973,120357,2021-02-08,Alberta
3968,124325,2021-02-09,Alberta
5127,129452,2021-02-10,Alberta
6123,135575,2021-02-11,Alberta
4814,140389,2021-02-12,Alberta
3725,144114,2021-02-13,Alberta
1727,145841,2021-02-14,Alberta
762,146603,2021-02-15,Alberta
2535,149138,2021-02-16,Alberta
2918,152056,2021-02-17,Alberta
3476,155532,2021-02-18,Alberta
4891,160423,2021-02-19,Alberta
5104,165527,2021-02-20,Alberta
3914,169441,2021-02-21,Alberta
4098,173539,2021-02-22,Alberta
7216,180755,2021-02-23,Alberta
5817,186572,2021-02-24,Alberta
9000,195572,2021-02-25,Alberta
11728,207300,2021-02-26,Alberta
11396,218696,2021-02-27,Alberta
8982,227678,2021-02-28,Alberta
7830,235508,2021-03-01,Alberta
9546,245054,2021-03-02,Alberta
10229,255283,2021-03-03,Alberta
10948,266231,2021-03-04,Alberta
9488,275719,2021-03-05,Alberta
6955,282674,2021-03-06,Alberta
7717,290391,2021-03-07,Alberta
7301,297692,2021-03-08,Alberta
6131,303823,2021-03-09,Alberta
5139,308962,2021-03-10,Alberta
8612,317574,2021-03-11,Alberta
15805,333379,2021-03-12,Alberta
12756,346135,2021-03-13,Alberta
11848,357983,2021-03-14,Alberta
10141,368124,2021-03-15,Alberta
11758,379882,2021-03-16,Alberta
17610,397492,2021-03-17,Alberta
21171,418663,2021-03-18,Alberta
20406,439069,2021-03-19,Alberta
13621,452690,2021-03-20,Alberta
7166,459856,2021-03-21,Alberta
27637,487493,2021-03-22,Alberta
9787,497280,2021-03-23,Alberta
14968,512248,2021-03-24,Alberta
19923,532171,2021-03-25,Alberta
26592,558763,2021-03-26,Alberta
18460,577223,2021-03-27,Alberta
17500,594723,2021-03-28,Alberta
13309,608032,2021-03-29,Alberta
11977,620009,2021-03-30,Alberta
14988,634997,2021-03-31,Alberta
18013,653010,2021-04-01,Alberta
0,653010,2021-04-02,Alberta
0,653010,2021-04-03,Alberta
0,653010,2021-04-04,Alberta
54472,707482,2021-04-05,Alberta
26921,734403,2021-04-06,Alberta
21428,755831,2021-04-07,Alberta
23986,779817,2021-04-08,Alberta
38872,818689,2021-04-09,Alberta
0,818689,2021-04-10,Alberta
28941,847630,2021-04-11,Alberta
84628,932258,2021-04-12,Alberta
38014,970272,2021-04-13,Alberta
33851,1004123,2021-04-14,Alberta
39447,1043570,2021-04-15,Alberta
38821,1082391,2021-04-16,Alberta
39510,1121901,2021-04-17,Alberta
25147,1147048,2021-04-18,Alberta
18175,1165223,2021-04-19,Alberta
31205,1196428,2021-04-20,Alberta
36497,1232925,2021-04-21,Alberta
42362,1275287,2021-04-22,Alberta
44550,1319837,2021-04-23,Alberta
41528,1361365,2021-04-24,Alberta
37308,1398673,2021-04-25,Alberta
20515,1419188,2021-04-26,Alberta
49597,1468785,2021-04-27,Alberta
28471,1497256,2021-04-28,Alberta
31313,1528569,2021-04-29,Alberta
34144,1562713,2021-04-30,Alberta
34953,1597666,2021-05-01,Alberta
23640,1621306,2021-05-02,Alberta
18997,1640303,2021-05-03,Alberta
28152,1668455,2021-05-04,Alberta
26220,1694675,2021-05-05,Alberta
37907,1732582,2021-05-06,Alberta
59730,1792312,2021-05-07,Alberta
54242,1846554,2021-05-08,Alberta
42485,1889039,2021-05-09,Alberta
27918,1916957,2021-05-10,Alberta
30047,1947004,2021-05-11,Alberta
28337,1975341,2021-05-12,Alberta
44372,2019713,2021-05-13,Alberta
66876,2086589,2021-05-14,Alberta
57691,2144280,2021-05-15,Alberta
45719,2189999,2021-05-16,Alberta
27447,2217446,2021-05-17,Alberta
26523,2243969,2021-05-18,Alberta
27986,2271955,2021-05-19,Alberta
40866,2312821,2021-05-20,Alberta
89111,2401932,2021-05-21,Alberta
58925,2460857,2021-05-22,Alberta
46062,2506919,2021-05-23,Alberta
25224,2532143,2021-05-24,Alberta
20174,2552317,2021-05-25,Alberta
26260,2578577,2021-05-26,Alberta
37170,2615747,2021-05-27,Alberta
52820,2668567,2021-05-28,Alberta
52120,2720687,2021-05-29,Alberta
39042,2759729,2021-05-30,Alberta
21701,2781430,2021-05-31,Alberta
29738,2811168,2021-06-01,Alberta
30611,2841779,2021-06-02,Alberta
46226,2888005,2021-06-03,Alberta
63922,2951927,2021-06-04,Alberta
61628,3013555,2021-06-05,Alberta
44107,3057662,2021-06-06,Alberta
26457,3084119,2021-06-07,Alberta
39107,3123226,2021-06-08,Alberta
34636,3157862,2021-06-09,Alberta
57282,3215144,2021-06-10,Alberta
58306,3273450,2021-06-11,Alberta
63400,3336850,2021-06-12,Alberta
47176,3384026,2021-06-13,Alberta
28725,3412751,2021-06-14,Alberta
67656,3480407,2021-06-15,Alberta
53027,3533434,2021-06-16,Alberta
49972,3583406,2021-06-17,Alberta
71344,3654750,2021-06-18,Alberta
66669,3721419,2021-06-19,Alberta
54255,3775674,2021-06-20,Alberta
29026,3804700,2021-06-21,Alberta
49508,3854208,2021-06-22,Alberta
49030,3903238,2021-06-23,Alberta
60181,3963419,2021-06-24,Alberta
58665,4022084,2021-06-25,Alberta
0,4022084,2021-06-26,Alberta
0,4022084,2021-06-27,Alberta
176379,4198463,2021-06-28,Alberta
67945,4266408,2021-06-29,Alberta
66475,4332883,2021-06-30,Alberta
0,4332883,2021-07-01,Alberta
100092,4432975,2021-07-02,Alberta
0,4432975,2021-07-03,Alberta
0,4432975,2021-07-04,Alberta
145893,4578868,2021-07-05,Alberta
50831,4629699,2021-07-06,Alberta
43883,4673582,2021-07-07,Alberta
54384,4727966,2021-07-08,Alberta
49401,4777367,2021-07-09,Alberta
0,4777367,2021-07-10,Alberta
0,4777367,2021-07-11,Alberta
91226,4868593,2021-07-12,Alberta
26316,4894909,2021-07-13,Alberta
25508,4920417,2021-07-14,Alberta
26645,4947062,2021-07-15,Alberta
33759,4980821,2021-07-16,Alberta
0,4980821,2021-07-17,Alberta
0,4980821,2021-07-18,Alberta
75241,5056062,2021-07-19,Alberta
22573,5078635,2021-07-20,Alberta
21476,5100111,2021-07-21,Alberta
28240,5128351,2021-07-22,Alberta
29596,5157947,2021-07-23,Alberta
0,5157947,2021-07-24,Alberta
0,5157947,2021-07-25,Alberta
63428,5221375,2021-07-26,Alberta
19550,5240925,2021-07-27,Alberta
19108,5260033,2021-07-28,Alberta
17488,5277521,2021-07-29,Alberta
16840,5294361,2021-07-30,Alberta
0,5294361,2021-07-31,Alberta
0,5294361,2021-08-01,Alberta
0,5294361,2021-08-02,Alberta
37462,5331823,2021-08-03,Alberta
12962,5344785,2021-08-04,Alberta
10469,5355254,2021-08-05,Alberta
10353,5365607,2021-08-06,Alberta
0,5365607,2021-08-07,Alberta
0,5365607,2021-08-08,Alberta
24612,5390219,2021-08-09,Alberta
8392,5398611,2021-08-10,Alberta
7741,5406352,2021-08-11,Alberta
9145,5415497,2021-08-12,Alberta
8337,5423834,2021-08-13,Alberta
0,5423834,2021-08-14,Alberta
0,5423834,2021-08-15,Alberta
19929,5443763,2021-08-16,Alberta
8132,5451895,2021-08-17,Alberta
0,0,2020-12-14,BC
409,409,2020-12-15,BC
0,409,2020-12-16,BC
806,1215,2020-12-17,BC
1377,2592,2020-12-18,BC
0,2592,2020-12-19,BC
0,2592,2020-12-20,BC
1052,3644,2020-12-21,BC
464,4108,2020-12-22,BC
1495,5603,2020-12-23,BC
2575,8178,2020-12-24,BC
0,8178,2020-12-25,BC
0,8178,2020-12-26,BC
0,8178,2020-12-27,BC
0,8178,2020-12-28,BC
3752,11930,2020-12-29,BC
2097,14027,2020-12-30,BC
3483,17510,2020-12-31,BC
0,17510,2021-01-01,BC
0,17510,2021-01-02,BC
0,17510,2021-01-03,BC
6629,24139,2021-01-04,BC
4070,28209,2021-01-05,BC
5456,33665,2021-01-06,BC
7399,41064,2021-01-07,BC
5195,46259,2021-01-08,BC
0,46259,2021-01-09,BC
0,46259,2021-01-10,BC
13643,59902,2021-01-11,BC
2392,62294,2021-01-12,BC
1136,63430,2021-01-13,BC
6316,69746,2021-01-14,BC
6168,75914,2021-01-15,BC
0,75914,2021-01-16,BC
0,75914,2021-01-17,BC
11432,87346,2021-01-18,BC
5023,92369,2021-01-19,BC
5756,98125,2021-01-20,BC
6776,104901,2021-01-21,BC
5665,110566,2021-01-22,BC
0,110566,2021-01-23,BC
0,110566,2021-01-24,BC
9284,119850,2021-01-25,BC
2509,122359,2021-01-26,BC
2006,124365,2021-01-27,BC
2890,127255,2021-01-28,BC
1986,129241,2021-01-29,BC
0,129241,2021-01-30,BC
0,129241,2021-01-31,BC
9651,138892,2021-02-01,BC
1560,140452,2021-02-02,BC
1694,142146,2021-02-03,BC
3421,145567,2021-02-04,BC
3997,149564,2021-02-05,BC
0,149564,2021-02-06,BC
0,149564,2021-02-07,BC
4932,154496,2021-02-08,BC
1089,155585,2021-02-09,BC
2212,157797,2021-02-10,BC
2090,159887,2021-02-11,BC
3095,162982,2021-02-12,BC
0,162982,2021-02-13,BC
0,162982,2021-02-14,BC
0,162982,2021-02-15,BC
8773,171755,2021-02-16,BC
4260,176015,2021-02-17,BC
4676,180691,2021-02-18,BC
12251,192942,2021-02-19,BC
0,192942,2021-02-20,BC
0,192942,2021-02-21,BC
25784,218726,2021-02-22,BC
5628,224354,2021-02-23,BC
6521,230875,2021-02-24,BC
9008,239883,2021-02-25,BC
12490,252373,2021-02-26,BC
0,252373,2021-02-27,BC
0,252373,2021-02-28,BC
23308,275681,2021-03-01,BC
7501,283182,2021-03-02,BC
6627,289809,2021-03-03,BC
9042,298851,2021-03-04,BC
12357,311208,2021-03-05,BC
0,311208,2021-03-06,BC
0,311208,2021-03-07,BC
22119,333327,2021-03-08,BC
10054,343381,2021-03-09,BC
11959,355340,2021-03-10,BC
11451,366791,2021-03-11,BC
13952,380743,2021-03-12,BC
0,380743,2021-03-13,BC
0,380743,2021-03-14,BC
28360,409103,2021-03-15,BC
15414,424517,2021-03-16,BC
19623,444140,2021-03-17,BC
21444,465584,2021-03-18,BC
24438,490022,2021-03-19,BC
0,490022,2021-03-20,BC
0,490022,2021-03-21,BC
49386,539408,2021-03-22,BC
18100,557508,2021-03-23,BC
25126,582634,2021-03-24,BC
28037,610671,2021-03-25,BC
27185,637856,2021-03-26,BC
0,637856,2021-03-27,BC
0,637856,2021-03-28,BC
61236,699092,2021-03-29,BC
25101,724193,2021-03-30,BC
31887,756080,2021-03-31,BC
32169,788249,2021-04-01,BC
0,788249,2021-04-02,BC
0,788249,2021-04-03,BC
0,788249,2021-04-04,BC
105341,893590,2021-04-05,BC
18466,912056,2021-04-06,BC
34040,946096,2021-04-07,BC
38905,985001,2021-04-08,BC
40018,1025019,2021-04-09,BC
0,1025019,2021-04-10,BC
0,1025019,2021-04-11,BC
87082,1112101,2021-04-12,BC
36892,1148993,2021-04-13,BC
41839,1190832,2021-04-14,BC
45031,1235863,2021-04-15,BC
46228,1282091,2021-04-16,BC
0,1282091,2021-04-17,BC
0,1282091,2021-04-18,BC
98069,1380160,2021-04-19,BC
34484,1414644,2021-04-20,BC
42302,1456946,2021-04-21,BC
43484,1500430,2021-04-22,BC
41636,1542066,2021-04-23,BC
0,1542066,2021-04-24,BC
0,1542066,2021-04-25,BC
93306,1635372,2021-04-26,BC
35756,1671128,2021-04-27,BC
34281,1705409,2021-04-28,BC
43966,1749375,2021-04-29,BC
37397,1786772,2021-04-30,BC
0,1786772,2021-05-01,BC
0,1786772,2021-05-02,BC
90558,1877330,2021-05-03,BC
32832,1910162,2021-05-04,BC
33068,1943230,2021-05-05,BC
52266,1995496,2021-05-06,BC
46946,2042442,2021-05-07,BC
0,2042442,2021-05-08,BC
0,2042442,2021-05-09,BC
116661,2159103,2021-05-10,BC
60753,2219856,2021-05-11,BC
57462,2277318,2021-05-12,BC
0,2277318,2021-05-13,BC
115947,2393265,2021-05-14,BC
0,2393265,2021-05-15,BC
0,2393265,2021-05-16,BC
135133,2528398,2021-05-17,BC
38538,2566936,2021-05-18,BC
65971,2632907,2021-05-19,BC
54453,2687360,2021-05-20,BC
56660,2744020,2021-05-21,BC
0,2744020,2021-05-22,BC
0,2744020,2021-05-23,BC
0,2744020,2021-05-24,BC
183467,2927487,2021-05-25,BC
52464,2979951,2021-05-26,BC
52860,3032811,2021-05-27,BC
73458,3106269,2021-05-28,BC
0,3106269,2021-05-29,BC
0,3106269,2021-05-30,BC
143892,3250161,2021-05-31,BC
53173,3303334,2021-06-01,BC
61952,3365286,2021-06-02,BC
61541,3426827,2021-06-03,BC
62057,3488884,2021-06-04,BC
0,3488884,2021-06-05,BC
0,3488884,2021-06-06,BC
146911,3635795,2021-06-07,BC
49545,3685340,2021-06-08,BC
64418,3749758,2021-06-09,BC
73345,3823103,2021-06-10,BC
70478,3893581,2021-06-11,BC
0,3893581,2021-06-12,BC
0,3893581,2021-06-13,BC
154765,4048346,2021-06-14,BC
54559,4102905,2021-06-15,BC
62237,4165142,2021-06-16,BC
66729,4231871,2021-06-17,BC
64280,4296151,2021-06-18,BC
0,4296151,2021-06-19,BC
0,4296151,2021-06-20,BC
140281,4436432,2021-06-21,BC
75491,4511923,2021-06-22,BC
58230,4570153,2021-06-23,BC
81934,4652087,2021-06-24,BC
51462,4703549,2021-06-25,BC
0,4703549,2021-06-26,BC
0,4703549,2021-06-27,BC
183160,4886709,2021-06-28,BC
55086,4941795,2021-06-29,BC
61121,5002916,2021-06-30,BC
0,5002916,2021-07-01,BC
121777,5124693,2021-07-02,BC
0,5124693,2021-07-03,BC
0,5124693,2021-07-04,BC
163951,5288644,2021-07-05,BC
51612,5340256,2021-07-06,BC
63791,5404047,2021-07-07,BC
93103,5497150,2021-07-08,BC
68833,5565983,2021-07-09,BC
0,5565983,2021-07-10,BC
0,5565983,2021-07-11,BC
175708,5741691,2021-07-12,BC
63850,5805541,2021-07-13,BC
67070,5872611,2021-07-14,BC
69453,5942064,2021-07-15,BC
62604,6004668,2021-07-16,BC
0,6004668,2021-07-17,BC
0,6004668,2021-07-18,BC
168660,6173328,2021-07-19,BC
60328,6233656,2021-07-20,BC
63493,6297149,2021-07-21,BC
64478,6361627,2021-07-22,BC
60876,6422503,2021-07-23,BC
0,6422503,2021-07-24,BC
0,6422503,2021-07-25,BC
161761,6584264,2021-07-26,BC
52977,6637241,2021-07-27,BC
48741,6685982,2021-07-28,BC
46327,6732309,2021-07-29,BC
41948,6774257,2021-07-30,BC
0,6774257,2021-07-31,BC
0,6774257,2021-08-01,BC
0,6774257,2021-08-02,BC
128063,6902320,2021-08-03,BC
29495,6931815,2021-08-04,BC
33247,6965062,2021-08-05,BC
28042,6993104,2021-08-06,BC
0,6993104,2021-08-07,BC
0,6993104,2021-08-08,BC
74634,7067738,2021-08-09,BC
19998,7087736,2021-08-10,BC
26514,7114250,2021-08-11,BC
26946,7141196,2021-08-12,BC
22824,7164020,2021-08-13,BC
0,7164020,2021-08-14,BC
0,7164020,2021-08-15,BC
66941,7230961,2021-08-16,BC
17078,7248039,2021-08-17,BC
0,0,2020-12-14,Manitoba
0,0,2020-12-15,Manitoba
302,302,2020-12-16,Manitoba
0,302,2020-12-17,Manitoba
291,593,2020-12-18,Manitoba
0,593,2020-12-19,Manitoba
0,593,2020-12-20,Manitoba
301,894,2020-12-21,Manitoba
298,1192,2020-12-22,Manitoba
495,1687,2020-12-23,Manitoba
490,2177,2020-12-24,Manitoba
0,2177,2020-12-25,Manitoba
0,2177,2020-12-26,Manitoba
0,2177,2020-12-27,Manitoba
0,2177,2020-12-28,Manitoba
300,2477,2020-12-29,Manitoba
423,2900,2020-12-30,Manitoba
500,3400,2020-12-31,Manitoba
0,3400,2021-01-01,Manitoba
32,3432,2021-01-02,Manitoba
0,3432,2021-01-03,Manitoba
10,3442,2021-01-04,Manitoba
850,4292,2021-01-05,Manitoba
873,5165,2021-01-06,Manitoba
1163,6328,2021-01-07,Manitoba
1156,7484,2021-01-08,Manitoba
1190,8674,2021-01-09,Manitoba
824,9498,2021-01-10,Manitoba
855,10353,2021-01-11,Manitoba
0,10353,2021-01-12,Manitoba
2056,12409,2021-01-13,Manitoba
0,12409,2021-01-14,Manitoba
1130,13539,2021-01-15,Manitoba
0,13539,2021-01-16,Manitoba
0,13539,2021-01-17,Manitoba
4212,17751,2021-01-18,Manitoba
0,17751,2021-01-19,Manitoba
4614,22365,2021-01-20,Manitoba
1519,23884,2021-01-21,Manitoba
1954,25838,2021-01-22,Manitoba
1714,27552,2021-01-23,Manitoba
1389,28941,2021-01-24,Manitoba
810,29751,2021-01-25,Manitoba
1618,31369,2021-01-26,Manitoba
1992,33361,2021-01-27,Manitoba
1977,35338,2021-01-28,Manitoba
1971,37309,2021-01-29,Manitoba
1981,39290,2021-01-30,Manitoba
1495,40785,2021-01-31,Manitoba
1032,41817,2021-02-01,Manitoba
857,42674,2021-02-02,Manitoba
644,43318,2021-02-03,Manitoba
733,44051,2021-02-04,Manitoba
1049,45100,2021-02-05,Manitoba
1127,46227,2021-02-06,Manitoba
1053,47280,2021-02-07,Manitoba
907,48187,2021-02-08,Manitoba
1186,49373,2021-02-09,Manitoba
1181,50554,2021-02-10,Manitoba
702,51256,2021-02-11,Manitoba
1408,52664,2021-02-12,Manitoba
1053,53717,2021-02-13,Manitoba
1348,55065,2021-02-14,Manitoba
0,55065,2021-02-15,Manitoba
979,56044,2021-02-16,Manitoba
663,56707,2021-02-17,Manitoba
995,57702,2021-02-18,Manitoba
1272,58974,2021-02-19,Manitoba
841,59815,2021-02-20,Manitoba
1611,61426,2021-02-21,Manitoba
939,62365,2021-02-22,Manitoba
1605,63970,2021-02-23,Manitoba
2402,66372,2021-02-24,Manitoba
2688,69060,2021-02-25,Manitoba
2409,71469,2021-02-26,Manitoba
2085,73554,2021-02-27,Manitoba
1894,75448,2021-02-28,Manitoba
1222,76670,2021-03-01,Manitoba
1535,78205,2021-03-02,Manitoba
1966,80171,2021-03-03,Manitoba
2408,82579,2021-03-04,Manitoba
2358,84937,2021-03-05,Manitoba
2685,87622,2021-03-06,Manitoba
2106,89728,2021-03-07,Manitoba
1199,90927,2021-03-08,Manitoba
1826,92753,2021-03-09,Manitoba
2032,94785,2021-03-10,Manitoba
2998,97783,2021-03-11,Manitoba
1699,99482,2021-03-12,Manitoba
2991,102473,2021-03-13,Manitoba
2637,105110,2021-03-14,Manitoba
1821,106931,2021-03-15,Manitoba
2944,109875,2021-03-16,Manitoba
3400,113275,2021-03-17,Manitoba
4794,118069,2021-03-18,Manitoba
5075,123144,2021-03-19,Manitoba
5455,128599,2021-03-20,Manitoba
5088,133687,2021-03-21,Manitoba
2642,136329,2021-03-22,Manitoba
3262,139591,2021-03-23,Manitoba
6938,146529,2021-03-24,Manitoba
5810,152339,2021-03-25,Manitoba
5060,157399,2021-03-26,Manitoba
5738,163137,2021-03-27,Manitoba
5385,168522,2021-03-28,Manitoba
5026,173548,2021-03-29,Manitoba
4733,178281,2021-03-30,Manitoba
5282,183563,2021-03-31,Manitoba
7466,191029,2021-04-01,Manitoba
0,191029,2021-04-02,Manitoba
13078,204107,2021-04-03,Manitoba
0,204107,2021-04-04,Manitoba
5981,210088,2021-04-05,Manitoba
6630,216718,2021-04-06,Manitoba
5412,222130,2021-04-07,Manitoba
12379,234509,2021-04-08,Manitoba
25338,259847,2021-04-09,Manitoba
13228,273075,2021-04-10,Manitoba
6070,279145,2021-04-11,Manitoba
5498,284643,2021-04-12,Manitoba
6509,291152,2021-04-13,Manitoba
8669,299821,2021-04-14,Manitoba
8755,308576,2021-04-15,Manitoba
9254,317830,2021-04-16,Manitoba
10685,328515,2021-04-17,Manitoba
7623,336138,2021-04-18,Manitoba
5788,341926,2021-04-19,Manitoba
9051,350977,2021-04-20,Manitoba
13412,364389,2021-04-21,Manitoba
14525,378914,2021-04-22,Manitoba
19388,398302,2021-04-23,Manitoba
15305,413607,2021-04-24,Manitoba
10644,424251,2021-04-25,Manitoba
5068,429319,2021-04-26,Manitoba
8512,437831,2021-04-27,Manitoba
9200,447031,2021-04-28,Manitoba
10116,457147,2021-04-29,Manitoba
17198,474345,2021-04-30,Manitoba
9002,483347,2021-05-01,Manitoba
7950,491297,2021-05-02,Manitoba
4185,495482,2021-05-03,Manitoba
6459,501941,2021-05-04,Manitoba
8081,510022,2021-05-05,Manitoba
9485,519507,2021-05-06,Manitoba
15140,534647,2021-05-07,Manitoba
12272,546919,2021-05-08,Manitoba
10501,557420,2021-05-09,Manitoba
7799,565219,2021-05-10,Manitoba
10805,576024,2021-05-11,Manitoba
15473,591497,2021-05-12,Manitoba
14058,605555,2021-05-13,Manitoba
19849,625404,2021-05-14,Manitoba
12838,638242,2021-05-15,Manitoba
11022,649264,2021-05-16,Manitoba
8370,657634,2021-05-17,Manitoba
9114,666748,2021-05-18,Manitoba
11972,678720,2021-05-19,Manitoba
13581,692301,2021-05-20,Manitoba
21711,714012,2021-05-21,Manitoba
13154,727166,2021-05-22,Manitoba
10768,737934,2021-05-23,Manitoba
10336,748270,2021-05-24,Manitoba
12862,761132,2021-05-25,Manitoba
0,761132,2021-05-26,Manitoba
32616,793748,2021-05-27,Manitoba
23236,816984,2021-05-28,Manitoba
16779,833763,2021-05-29,Manitoba
10321,844084,2021-05-30,Manitoba
8010,852094,2021-05-31,Manitoba
10451,862545,2021-06-01,Manitoba
12019,874564,2021-06-02,Manitoba
14417,888981,2021-06-03,Manitoba
22401,911382,2021-06-04,Manitoba
14430,925812,2021-06-05,Manitoba
12884,938696,2021-06-06,Manitoba
7915,946611,2021-06-07,Manitoba
13869,960480,2021-06-08,Manitoba
14069,974549,2021-06-09,Manitoba
14732,989281,2021-06-10,Manitoba
14787,1004068,2021-06-11,Manitoba
18327,1022395,2021-06-12,Manitoba
13410,1035805,2021-06-13,Manitoba
10151,1045956,2021-06-14,Manitoba
14641,1060597,2021-06-15,Manitoba
16824,1077421,2021-06-16,Manitoba
17968,1095389,2021-06-17,Manitoba
16387,1111776,2021-06-18,Manitoba
14664,1126440,2021-06-19,Manitoba
12514,1138954,2021-06-20,Manitoba
18012,1156966,2021-06-21,Manitoba
21726,1178692,2021-06-22,Manitoba
24279,1202971,2021-06-23,Manitoba
27115,1230086,2021-06-24,Manitoba
31596,1261682,2021-06-25,Manitoba
27293,1288975,2021-06-26,Manitoba
22292,1311267,2021-06-27,Manitoba
18422,1329689,2021-06-28,Manitoba
24296,1353985,2021-06-29,Manitoba
34320,1388305,2021-06-30,Manitoba
0,1388305,2021-07-01,Manitoba
49566,1437871,2021-07-02,Manitoba
21992,1459863,2021-07-03,Manitoba
18942,1478805,2021-07-04,Manitoba
16551,1495356,2021-07-05,Manitoba
22603,1517959,2021-07-06,Manitoba
18532,1536491,2021-07-07,Manitoba
17257,1553748,2021-07-08,Manitoba
17364,1571112,2021-07-09,Manitoba
13361,1584473,2021-07-10,Manitoba
10611,1595084,2021-07-11,Manitoba
5438,1600522,2021-07-12,Manitoba
7912,1608434,2021-07-13,Manitoba
11653,1620087,2021-07-14,Manitoba
11646,1631733,2021-07-15,Manitoba
16064,1647797,2021-07-16,Manitoba
10930,1658727,2021-07-17,Manitoba
8698,1667425,2021-07-18,Manitoba
4890,1672315,2021-07-19,Manitoba
9500,1681815,2021-07-20,Manitoba
7224,1689039,2021-07-21,Manitoba
10002,1699041,2021-07-22,Manitoba
9759,1708800,2021-07-23,Manitoba
12280,1721080,2021-07-24,Manitoba
11384,1732464,2021-07-25,Manitoba
7202,1739666,2021-07-26,Manitoba
9811,1749477,2021-07-27,Manitoba
10434,1759911,2021-07-28,Manitoba
10858,1770769,2021-07-29,Manitoba
11745,1782514,2021-07-30,Manitoba
0,1782514,2021-07-31,Manitoba
0,1782514,2021-08-01,Manitoba
0,1782514,2021-08-02,Manitoba
31763,1814277,2021-08-03,Manitoba
2381,1816658,2021-08-04,Manitoba
5019,1821677,2021-08-05,Manitoba
7635,1829312,2021-08-06,Manitoba
0,1829312,2021-08-07,Manitoba
0,1829312,2021-08-08,Manitoba
8797,1838109,2021-08-09,Manitoba
2995,1841104,2021-08-10,Manitoba
3089,1844193,2021-08-11,Manitoba
3128,1847321,2021-08-12,Manitoba
5930,1853251,2021-08-13,Manitoba
0,1853251,2021-08-14,Manitoba
0,1853251,2021-08-15,Manitoba
7669,1860920,2021-08-16,Manitoba
2505,1863425,2021-08-17,Manitoba
0,0,2020-12-14,New Brunswick
0,0,2020-12-15,New Brunswick
0,0,2020-12-16,New Brunswick
0,0,2020-12-17,New Brunswick
0,0,2020-12-18,New Brunswick
5,5,2020-12-19,New Brunswick
0,5,2020-12-20,New Brunswick
1866,1871,2020-12-21,New Brunswick
0,1871,2020-12-22,New Brunswick
0,1871,2020-12-23,New Brunswick
0,1871,2020-12-24,New Brunswick
0,1871,2020-12-25,New Brunswick
0,1871,2020-12-26,New Brunswick
0,1871,2020-12-27,New Brunswick
1034,2905,2020-12-28,New Brunswick
0,2905,2020-12-29,New Brunswick
0,2905,2020-12-30,New Brunswick
0,2905,2020-12-31,New Brunswick
0,2905,2021-01-01,New Brunswick
0,2905,2021-01-02,New Brunswick
0,2905,2021-01-03,New Brunswick
0,2905,2021-01-04,New Brunswick
0,2905,2021-01-05,New Brunswick
1200,4105,2021-01-06,New Brunswick
914,5019,2021-01-07,New Brunswick
0,5019,2021-01-08,New Brunswick
0,5019,2021-01-09,New Brunswick
0,5019,2021-01-10,New Brunswick
2713,7732,2021-01-11,New Brunswick
0,7732,2021-01-12,New Brunswick
0,7732,2021-01-13,New Brunswick
0,7732,2021-01-14,New Brunswick
0,7732,2021-01-15,New Brunswick
0,7732,2021-01-16,New Brunswick
0,7732,2021-01-17,New Brunswick
2704,10436,2021-01-18,New Brunswick
0,10436,2021-01-19,New Brunswick
0,10436,2021-01-20,New Brunswick
0,10436,2021-01-21,New Brunswick
0,10436,2021-01-22,New Brunswick
0,10436,2021-01-23,New Brunswick
0,10436,2021-01-24,New Brunswick
3821,14257,2021-01-25,New Brunswick
0,14257,2021-01-26,New Brunswick
0,14257,2021-01-27,New Brunswick
0,14257,2021-01-28,New Brunswick
0,14257,2021-01-29,New Brunswick
0,14257,2021-01-30,New Brunswick
0,14257,2021-01-31,New Brunswick
3020,17277,2021-02-01,New Brunswick
0,17277,2021-02-02,New Brunswick
0,17277,2021-02-03,New Brunswick
0,17277,2021-02-04,New Brunswick
0,17277,2021-02-05,New Brunswick
0,17277,2021-02-06,New Brunswick
0,17277,2021-02-07,New Brunswick
1366,18643,2021-02-08,New Brunswick
0,18643,2021-02-09,New Brunswick
0,18643,2021-02-10,New Brunswick
0,18643,2021-02-11,New Brunswick
0,18643,2021-02-12,New Brunswick
0,18643,2021-02-13,New Brunswick
0,18643,2021-02-14,New Brunswick
0,18643,2021-02-15,New Brunswick
2539,21182,2021-02-16,New Brunswick
0,21182,2021-02-17,New Brunswick
0,21182,2021-02-18,New Brunswick
0,21182,2021-02-19,New Brunswick
0,21182,2021-02-20,New Brunswick
0,21182,2021-02-21,New Brunswick
5135,26317,2021-02-22,New Brunswick
0,26317,2021-02-23,New Brunswick
0,26317,2021-02-24,New Brunswick
0,26317,2021-02-25,New Brunswick
0,26317,2021-02-26,New Brunswick
0,26317,2021-02-27,New Brunswick
0,26317,2021-02-28,New Brunswick
7424,33741,2021-03-01,New Brunswick
0,33741,2021-03-02,New Brunswick
0,33741,2021-03-03,New Brunswick
0,33741,2021-03-04,New Brunswick
0,33741,2021-03-05,New Brunswick
0,33741,2021-03-06,New Brunswick
0,33741,2021-03-07,New Brunswick
4742,38483,2021-03-08,New Brunswick
0,38483,2021-03-09,New Brunswick
0,38483,2021-03-10,New Brunswick
0,38483,2021-03-11,New Brunswick
0,38483,2021-03-12,New Brunswick
0,38483,2021-03-13,New Brunswick
0,38483,2021-03-14,New Brunswick
12871,51354,2021-03-15,New Brunswick
0,51354,2021-03-16,New Brunswick
2169,53523,2021-03-17,New Brunswick
1305,54828,2021-03-18,New Brunswick
840,55668,2021-03-19,New Brunswick
2054,57722,2021-03-20,New Brunswick
3384,61106,2021-03-21,New Brunswick
2089,63195,2021-03-22,New Brunswick
1157,64352,2021-03-23,New Brunswick
2034,66386,2021-03-24,New Brunswick
3574,69960,2021-03-25,New Brunswick
6002,75962,2021-03-26,New Brunswick
5102,81064,2021-03-27,New Brunswick
6202,87266,2021-03-28,New Brunswick
2916,90182,2021-03-29,New Brunswick
1195,91377,2021-03-30,New Brunswick
3878,95255,2021-03-31,New Brunswick
5543,100798,2021-04-01,New Brunswick
10142,110940,2021-04-02,New Brunswick
5945,116885,2021-04-03,New Brunswick
3788,120673,2021-04-04,New Brunswick
1556,122229,2021-04-05,New Brunswick
1893,124122,2021-04-06,New Brunswick
5195,129317,2021-04-07,New Brunswick
6485,135802,2021-04-08,New Brunswick
7056,142858,2021-04-09,New Brunswick
7248,150106,2021-04-10,New Brunswick
1480,151586,2021-04-11,New Brunswick
679,152265,2021-04-12,New Brunswick
9398,161663,2021-04-13,New Brunswick
5484,167147,2021-04-14,New Brunswick
7087,174234,2021-04-15,New Brunswick
8290,182524,2021-04-16,New Brunswick
7936,190460,2021-04-17,New Brunswick
6632,197092,2021-04-18,New Brunswick
3495,200587,2021-04-19,New Brunswick
3989,204576,2021-04-20,New Brunswick
6554,211130,2021-04-21,New Brunswick
7809,218939,2021-04-22,New Brunswick
9065,228004,2021-04-23,New Brunswick
8949,236953,2021-04-24,New Brunswick
5459,242412,2021-04-25,New Brunswick
2061,244473,2021-04-26,New Brunswick
4091,248564,2021-04-27,New Brunswick
4315,252879,2021-04-28,New Brunswick
4178,257057,2021-04-29,New Brunswick
5082,262139,2021-04-30,New Brunswick
5523,267662,2021-05-01,New Brunswick
2828,270490,2021-05-02,New Brunswick
1401,271891,2021-05-03,New Brunswick
3465,275356,2021-05-04,New Brunswick
3903,279259,2021-05-05,New Brunswick
5741,285000,2021-05-06,New Brunswick
8550,293550,2021-05-07,New Brunswick
8712,302262,2021-05-08,New Brunswick
0,302262,2021-05-09,New Brunswick
5953,308215,2021-05-10,New Brunswick
3845,312060,2021-05-11,New Brunswick
6438,318498,2021-05-12,New Brunswick
9135,327633,2021-05-13,New Brunswick
10494,338127,2021-05-14,New Brunswick
11535,349662,2021-05-15,New Brunswick
5792,355454,2021-05-16,New Brunswick
1459,356913,2021-05-17,New Brunswick
6429,363342,2021-05-18,New Brunswick
9967,373309,2021-05-19,New Brunswick
12649,385958,2021-05-20,New Brunswick
13751,399709,2021-05-21,New Brunswick
11762,411471,2021-05-22,New Brunswick
8296,419767,2021-05-23,New Brunswick
2243,422010,2021-05-24,New Brunswick
1909,423919,2021-05-25,New Brunswick
6265,430184,2021-05-26,New Brunswick
10154,440338,2021-05-27,New Brunswick
11025,451363,2021-05-28,New Brunswick
9679,461042,2021-05-29,New Brunswick
9080,470122,2021-05-30,New Brunswick
4005,474127,2021-05-31,New Brunswick
6656,480783,2021-06-01,New Brunswick
8797,489580,2021-06-02,New Brunswick
9910,499490,2021-06-03,New Brunswick
12350,511840,2021-06-04,New Brunswick
9059,520899,2021-06-05,New Brunswick
3440,524339,2021-06-06,New Brunswick
10461,534800,2021-06-07,New Brunswick
4791,539591,2021-06-08,New Brunswick
11534,551125,2021-06-09,New Brunswick
9634,560759,2021-06-10,New Brunswick
13631,574390,2021-06-11,New Brunswick
9465,583855,2021-06-12,New Brunswick
8655,592510,2021-06-13,New Brunswick
3903,596413,2021-06-14,New Brunswick
6481,602894,2021-06-15,New Brunswick
9132,612026,2021-06-16,New Brunswick
10755,622781,2021-06-17,New Brunswick
13229,636010,2021-06-18,New Brunswick
13100,649110,2021-06-19,New Brunswick
9676,658786,2021-06-20,New Brunswick
3601,662387,2021-06-21,New Brunswick
6654,669041,2021-06-22,New Brunswick
10675,679716,2021-06-23,New Brunswick
13992,693708,2021-06-24,New Brunswick
15019,708727,2021-06-25,New Brunswick
16315,725042,2021-06-26,New Brunswick
14938,739980,2021-06-27,New Brunswick
6353,746333,2021-06-28,New Brunswick
11759,758092,2021-06-29,New Brunswick
14131,772223,2021-06-30,New Brunswick
18827,791050,2021-07-01,New Brunswick
8931,799981,2021-07-02,New Brunswick
8970,808951,2021-07-03,New Brunswick
8455,817406,2021-07-04,New Brunswick
5579,822985,2021-07-05,New Brunswick
9870,832855,2021-07-06,New Brunswick
14743,847598,2021-07-07,New Brunswick
14614,862212,2021-07-08,New Brunswick
15726,877938,2021-07-09,New Brunswick
12819,890757,2021-07-10,New Brunswick
10004,900761,2021-07-11,New Brunswick
4530,905291,2021-07-12,New Brunswick
7847,913138,2021-07-13,New Brunswick
11710,924848,2021-07-14,New Brunswick
11963,936811,2021-07-15,New Brunswick
14265,951076,2021-07-16,New Brunswick
7842,958918,2021-07-17,New Brunswick
1460,960378,2021-07-18,New Brunswick
414,960792,2021-07-19,New Brunswick
12774,973566,2021-07-20,New Brunswick
7561,981127,2021-07-21,New Brunswick
8302,989429,2021-07-22,New Brunswick
8369,997798,2021-07-23,New Brunswick
7303,1005101,2021-07-24,New Brunswick
5447,1010548,2021-07-25,New Brunswick
1352,1011900,2021-07-26,New Brunswick
2451,1014351,2021-07-27,New Brunswick
5583,1019934,2021-07-28,New Brunswick
5913,1025847,2021-07-29,New Brunswick
5592,1031439,2021-07-30,New Brunswick
0,1031439,2021-07-31,New Brunswick
9435,1040874,2021-08-01,New Brunswick
0,1040874,2021-08-02,New Brunswick
2020,1042894,2021-08-03,New Brunswick
1258,1044152,2021-08-04,New Brunswick
3715,1047867,2021-08-05,New Brunswick
3700,1051567,2021-08-06,New Brunswick
0,1051567,2021-08-07,New Brunswick
0,1051567,2021-08-08,New Brunswick
6593,1058160,2021-08-09,New Brunswick
1510,1059670,2021-08-10,New Brunswick
2155,1061825,2021-08-11,New Brunswick
3086,1064911,2021-08-12,New Brunswick
3590,1068501,2021-08-13,New Brunswick
0,1068501,2021-08-14,New Brunswick
0,1068501,2021-08-15,New Brunswick
5018,1073519,2021-08-16,New Brunswick
612,1074131,2021-08-17,New Brunswick
0,0,2020-12-14,NL
0,0,2020-12-15,NL
2,2,2020-12-16,NL
13,15,2020-12-17,NL
160,175,2020-12-18,NL
0,175,2020-12-19,NL
0,175,2020-12-20,NL
797,972,2020-12-21,NL
0,972,2020-12-22,NL
813,1785,2020-12-23,NL
0,1785,2020-12-24,NL
0,1785,2020-12-25,NL
0,1785,2020-12-26,NL
0,1785,2020-12-27,NL
0,1785,2020-12-28,NL
0,1785,2020-12-29,NL
0,1785,2020-12-30,NL
0,1785,2020-12-31,NL
0,1785,2021-01-01,NL
0,1785,2021-01-02,NL
0,1785,2021-01-03,NL
0,1785,2021-01-04,NL
0,1785,2021-01-05,NL
0,1785,2021-01-06,NL
0,1785,2021-01-07,NL
0,1785,2021-01-08,NL
0,1785,2021-01-09,NL
0,1785,2021-01-10,NL
1975,3760,2021-01-11,NL
0,3760,2021-01-12,NL
1531,5291,2021-01-13,NL
0,5291,2021-01-14,NL
0,5291,2021-01-15,NL
0,5291,2021-01-16,NL
0,5291,2021-01-17,NL
0,5291,2021-01-18,NL
0,5291,2021-01-19,NL
3258,8549,2021-01-20,NL
0,8549,2021-01-21,NL
0,8549,2021-01-22,NL
0,8549,2021-01-23,NL
0,8549,2021-01-24,NL
0,8549,2021-01-25,NL
0,8549,2021-01-26,NL
1531,10080,2021-01-27,NL
0,10080,2021-01-28,NL
0,10080,2021-01-29,NL
0,10080,2021-01-30,NL
0,10080,2021-01-31,NL
0,10080,2021-02-01,NL
0,10080,2021-02-02,NL
2516,12596,2021-02-03,NL
0,12596,2021-02-04,NL
0,12596,2021-02-05,NL
0,12596,2021-02-06,NL
0,12596,2021-02-07,NL
0,12596,2021-02-08,NL
0,12596,2021-02-09,NL
1424,14020,2021-02-10,NL
667,14687,2021-02-11,NL
0,14687,2021-02-12,NL
0,14687,2021-02-13,NL
0,14687,2021-02-14,NL
0,14687,2021-02-15,NL
0,14687,2021-02-16,NL
1771,16458,2021-02-17,NL
0,16458,2021-02-18,NL
0,16458,2021-02-19,NL
0,16458,2021-02-20,NL
0,16458,2021-02-21,NL
0,16458,2021-02-22,NL
0,16458,2021-02-23,NL
3827,20285,2021-02-24,NL
0,20285,2021-02-25,NL
0,20285,2021-02-26,NL
0,20285,2021-02-27,NL
0,20285,2021-02-28,NL
0,20285,2021-03-01,NL
0,20285,2021-03-02,NL
4472,24757,2021-03-03,NL
0,24757,2021-03-04,NL
0,24757,2021-03-05,NL
0,24757,2021-03-06,NL
0,24757,2021-03-07,NL
0,24757,2021-03-08,NL
0,24757,2021-03-09,NL
8864,33621,2021-03-10,NL
0,33621,2021-03-11,NL
0,33621,2021-03-12,NL
0,33621,2021-03-13,NL
0,33621,2021-03-14,NL
0,33621,2021-03-15,NL
0,33621,2021-03-16,NL
0,33621,2021-03-17,NL
12432,46053,2021-03-18,NL
0,46053,2021-03-19,NL
0,46053,2021-03-20,NL
0,46053,2021-03-21,NL
0,46053,2021-03-22,NL
0,46053,2021-03-23,NL
9178,55231,2021-03-24,NL
0,55231,2021-03-25,NL
0,55231,2021-03-26,NL
0,55231,2021-03-27,NL
0,55231,2021-03-28,NL
0,55231,2021-03-29,NL
0,55231,2021-03-30,NL
13720,68951,2021-03-31,NL
0,68951,2021-04-01,NL
0,68951,2021-04-02,NL
0,68951,2021-04-03,NL
0,68951,2021-04-04,NL
0,68951,2021-04-05,NL
21624,90575,2021-04-06,NL
1660,92235,2021-04-07,NL
0,92235,2021-04-08,NL
13417,105652,2021-04-09,NL
0,105652,2021-04-10,NL
0,105652,2021-04-11,NL
4395,110047,2021-04-12,NL
2290,112337,2021-04-13,NL
3061,115398,2021-04-14,NL
6851,122249,2021-04-15,NL
3233,125482,2021-04-16,NL
0,125482,2021-04-17,NL
0,125482,2021-04-18,NL
10867,136349,2021-04-19,NL
2073,138422,2021-04-20,NL
2612,141034,2021-04-21,NL
3813,144847,2021-04-22,NL
5777,150624,2021-04-23,NL
0,150624,2021-04-24,NL
6494,157118,2021-04-25,NL
7666,164784,2021-04-26,NL
1263,166047,2021-04-27,NL
1255,167302,2021-04-28,NL
2776,170078,2021-04-29,NL
3349,173427,2021-04-30,NL
3963,177390,2021-05-01,NL
2916,180306,2021-05-02,NL
1347,181653,2021-05-03,NL
3562,185215,2021-05-04,NL
2989,188204,2021-05-05,NL
0,188204,2021-05-06,NL
2926,191130,2021-05-07,NL
9461,200591,2021-05-08,NL
1631,202222,2021-05-09,NL
3680,205902,2021-05-10,NL
3836,209738,2021-05-11,NL
3940,213678,2021-05-12,NL
6148,219826,2021-05-13,NL
5633,225459,2021-05-14,NL
6757,232216,2021-05-15,NL
3435,235651,2021-05-16,NL
2135,237786,2021-05-17,NL
3740,241526,2021-05-18,NL
6202,247728,2021-05-19,NL
6062,253790,2021-05-20,NL
7129,260919,2021-05-21,NL
0,260919,2021-05-22,NL
9730,270649,2021-05-23,NL
0,270649,2021-05-24,NL
4291,274940,2021-05-25,NL
4946,279886,2021-05-26,NL
6135,286021,2021-05-27,NL
5554,291575,2021-05-28,NL
6298,297873,2021-05-29,NL
3458,301331,2021-05-30,NL
2171,303502,2021-05-31,NL
4750,308252,2021-06-01,NL
5372,313624,2021-06-02,NL
4934,318558,2021-06-03,NL
6323,324881,2021-06-04,NL
5222,330103,2021-06-05,NL
5490,335593,2021-06-06,NL
2122,337715,2021-06-07,NL
3399,341114,2021-06-08,NL
4629,345743,2021-06-09,NL
5401,351144,2021-06-10,NL
7561,358705,2021-06-11,NL
0,358705,2021-06-12,NL
10455,369160,2021-06-13,NL
4010,373170,2021-06-14,NL
5744,378914,2021-06-15,NL
7534,386448,2021-06-16,NL
6950,393398,2021-06-17,NL
10657,404055,2021-06-18,NL
0,404055,2021-06-19,NL
0,404055,2021-06-20,NL
0,404055,2021-06-21,NL
15040,419095,2021-06-22,NL
6745,425840,2021-06-23,NL
7721,433561,2021-06-24,NL
8131,441692,2021-06-25,NL
0,441692,2021-06-26,NL
0,441692,2021-06-27,NL
18688,460380,2021-06-28,NL
5818,466198,2021-06-29,NL
9303,475501,2021-06-30,NL
0,475501,2021-07-01,NL
14121,489622,2021-07-02,NL
0,489622,2021-07-03,NL
0,489622,2021-07-04,NL
10260,499882,2021-07-05,NL
5693,505575,2021-07-06,NL
12034,517609,2021-07-07,NL
8979,526588,2021-07-08,NL
11011,537599,2021-07-09,NL
0,537599,2021-07-10,NL
0,537599,2021-07-11,NL
0,537599,2021-07-12,NL
16801,554400,2021-07-13,NL
10849,565249,2021-07-14,NL
11183,576432,2021-07-15,NL
6446,582878,2021-07-16,NL
0,582878,2021-07-17,NL
0,582878,2021-07-18,NL
10635,593513,2021-07-19,NL
6507,600020,2021-07-20,NL
8605,608625,2021-07-21,NL
8897,617522,2021-07-22,NL
7480,625002,2021-07-23,NL
0,625002,2021-07-24,NL
0,625002,2021-07-25,NL
11284,636286,2021-07-26,NL
6138,642424,2021-07-27,NL
5659,648083,2021-07-28,NL
0,648083,2021-07-29,NL
14523,662606,2021-07-30,NL
0,662606,2021-07-31,NL
0,662606,2021-08-01,NL
10761,673367,2021-08-02,NL
5482,678849,2021-08-03,NL
0,678849,2021-08-04,NL
12457,691306,2021-08-05,NL
7089,698395,2021-08-06,NL
0,698395,2021-08-07,NL
0,698395,2021-08-08,NL
9376,707771,2021-08-09,NL
0,707771,2021-08-10,NL
11382,719153,2021-08-11,NL
4884,724037,2021-08-12,NL
6103,730140,2021-08-13,NL
0,730140,2021-08-14,NL
0,730140,2021-08-15,NL
0,730140,2021-08-16,NL
17036,747176,2021-08-17,NL
0,0,2020-12-14,Nova Scotia
0,0,2020-12-15,Nova Scotia
376,376,2020-12-16,Nova Scotia
0,376,2020-12-17,Nova Scotia
0,376,2020-12-18,Nova Scotia
0,376,2020-12-19,Nova Scotia
0,376,2020-12-20,Nova Scotia
1087,1463,2020-12-21,Nova Scotia
0,1463,2020-12-22,Nova Scotia
0,1463,2020-12-23,Nova Scotia
0,1463,2020-12-24,Nova Scotia
0,1463,2020-12-25,Nova Scotia
0,1463,2020-12-26,Nova Scotia
0,1463,2020-12-27,Nova Scotia
0,1463,2020-12-28,Nova Scotia
827,2290,2020-12-29,Nova Scotia
306,2596,2020-12-30,Nova Scotia
0,2596,2020-12-31,Nova Scotia
0,2596,2021-01-01,Nova Scotia
124,2720,2021-01-02,Nova Scotia
0,2720,2021-01-03,Nova Scotia
0,2720,2021-01-04,Nova Scotia
0,2720,2021-01-05,Nova Scotia
0,2720,2021-01-06,Nova Scotia
0,2720,2021-01-07,Nova Scotia
0,2720,2021-01-08,Nova Scotia
1111,3831,2021-01-09,Nova Scotia
0,3831,2021-01-10,Nova Scotia
0,3831,2021-01-11,Nova Scotia
0,3831,2021-01-12,Nova Scotia
0,3831,2021-01-13,Nova Scotia
0,3831,2021-01-14,Nova Scotia
3769,7600,2021-01-15,Nova Scotia
0,7600,2021-01-16,Nova Scotia
0,7600,2021-01-17,Nova Scotia
0,7600,2021-01-18,Nova Scotia
920,8520,2021-01-19,Nova Scotia
655,9175,2021-01-20,Nova Scotia
652,9827,2021-01-21,Nova Scotia
748,10575,2021-01-22,Nova Scotia
0,10575,2021-01-23,Nova Scotia
0,10575,2021-01-24,Nova Scotia
508,11083,2021-01-25,Nova Scotia
539,11622,2021-01-26,Nova Scotia
664,12286,2021-01-27,Nova Scotia
1218,13504,2021-01-28,Nova Scotia
1085,14589,2021-01-29,Nova Scotia
0,14589,2021-01-30,Nova Scotia
0,14589,2021-01-31,Nova Scotia
317,14906,2021-02-01,Nova Scotia
259,15165,2021-02-02,Nova Scotia
672,15837,2021-02-03,Nova Scotia
611,16448,2021-02-04,Nova Scotia
847,17295,2021-02-05,Nova Scotia
0,17295,2021-02-06,Nova Scotia
0,17295,2021-02-07,Nova Scotia
924,18219,2021-02-08,Nova Scotia
607,18826,2021-02-09,Nova Scotia
1187,20013,2021-02-10,Nova Scotia
1019,21032,2021-02-11,Nova Scotia
1311,22343,2021-02-12,Nova Scotia
0,22343,2021-02-13,Nova Scotia
0,22343,2021-02-14,Nova Scotia
0,22343,2021-02-15,Nova Scotia
797,23140,2021-02-16,Nova Scotia
909,24049,2021-02-17,Nova Scotia
983,25032,2021-02-18,Nova Scotia
0,25032,2021-02-19,Nova Scotia
0,25032,2021-02-20,Nova Scotia
0,25032,2021-02-21,Nova Scotia
2489,27521,2021-02-22,Nova Scotia
445,27966,2021-02-23,Nova Scotia
1271,29237,2021-02-24,Nova Scotia
1511,30748,2021-02-25,Nova Scotia
1271,32019,2021-02-26,Nova Scotia
0,32019,2021-02-27,Nova Scotia
0,32019,2021-02-28,Nova Scotia
837,32856,2021-03-01,Nova Scotia
615,33471,2021-03-02,Nova Scotia
1820,35291,2021-03-03,Nova Scotia
2299,37590,2021-03-04,Nova Scotia
1086,38676,2021-03-05,Nova Scotia
0,38676,2021-03-06,Nova Scotia
0,38676,2021-03-07,Nova Scotia
768,39444,2021-03-08,Nova Scotia
787,40231,2021-03-09,Nova Scotia
2325,42556,2021-03-10,Nova Scotia
2593,45149,2021-03-11,Nova Scotia
1742,46891,2021-03-12,Nova Scotia
0,46891,2021-03-13,Nova Scotia
0,46891,2021-03-14,Nova Scotia
1186,48077,2021-03-15,Nova Scotia
2067,50144,2021-03-16,Nova Scotia
2208,52352,2021-03-17,Nova Scotia
2824,55176,2021-03-18,Nova Scotia
2860,58036,2021-03-19,Nova Scotia
0,58036,2021-03-20,Nova Scotia
0,58036,2021-03-21,Nova Scotia
0,58036,2021-03-22,Nova Scotia
8251,66287,2021-03-23,Nova Scotia
5446,71733,2021-03-24,Nova Scotia
5698,77431,2021-03-25,Nova Scotia
5717,83148,2021-03-26,Nova Scotia
0,83148,2021-03-27,Nova Scotia
0,83148,2021-03-28,Nova Scotia
6046,89194,2021-03-29,Nova Scotia
5179,94373,2021-03-30,Nova Scotia
6459,100832,2021-03-31,Nova Scotia
5791,106623,2021-04-01,Nova Scotia
4780,111403,2021-04-02,Nova Scotia
0,111403,2021-04-03,Nova Scotia
0,111403,2021-04-04,Nova Scotia
2068,113471,2021-04-05,Nova Scotia
2965,116436,2021-04-06,Nova Scotia
6730,123166,2021-04-07,Nova Scotia
6643,129809,2021-04-08,Nova Scotia
8539,138348,2021-04-09,Nova Scotia
0,138348,2021-04-10,Nova Scotia
0,138348,2021-04-11,Nova Scotia
11775,150123,2021-04-12,Nova Scotia
7467,157590,2021-04-13,Nova Scotia
12261,169851,2021-04-14,Nova Scotia
13016,182867,2021-04-15,Nova Scotia
11925,194792,2021-04-16,Nova Scotia
0,194792,2021-04-17,Nova Scotia
0,194792,2021-04-18,Nova Scotia
12771,207563,2021-04-19,Nova Scotia
10455,218018,2021-04-20,Nova Scotia
12783,230801,2021-04-21,Nova Scotia
16511,247312,2021-04-22,Nova Scotia
13476,260788,2021-04-23,Nova Scotia
0,260788,2021-04-24,Nova Scotia
0,260788,2021-04-25,Nova Scotia
15287,276075,2021-04-26,Nova Scotia
7516,283591,2021-04-27,Nova Scotia
10172,293763,2021-04-28,Nova Scotia
10424,304187,2021-04-29,Nova Scotia
8306,312493,2021-04-30,Nova Scotia
0,312493,2021-05-01,Nova Scotia
0,312493,2021-05-02,Nova Scotia
8417,320910,2021-05-03,Nova Scotia
4308,325218,2021-05-04,Nova Scotia
9557,334775,2021-05-05,Nova Scotia
12508,347283,2021-05-06,Nova Scotia
9695,356978,2021-05-07,Nova Scotia
0,356978,2021-05-08,Nova Scotia
0,356978,2021-05-09,Nova Scotia
9111,366089,2021-05-10,Nova Scotia
8814,374903,2021-05-11,Nova Scotia
12780,387683,2021-05-12,Nova Scotia
15050,402733,2021-05-13,Nova Scotia
12837,415570,2021-05-14,Nova Scotia
0,415570,2021-05-15,Nova Scotia
0,415570,2021-05-16,Nova Scotia
15286,430856,2021-05-17,Nova Scotia
5198,436054,2021-05-18,Nova Scotia
6481,442535,2021-05-19,Nova Scotia
20991,463526,2021-05-20,Nova Scotia
20023,483549,2021-05-21,Nova Scotia
0,483549,2021-05-22,Nova Scotia
0,483549,2021-05-23,Nova Scotia
0,483549,2021-05-24,Nova Scotia
26505,510054,2021-05-25,Nova Scotia
10999,521053,2021-05-26,Nova Scotia
21143,542196,2021-05-27,Nova Scotia
18647,560843,2021-05-28,Nova Scotia
0,560843,2021-05-29,Nova Scotia
0,560843,2021-05-30,Nova Scotia
23030,583873,2021-05-31,Nova Scotia
5118,588991,2021-06-01,Nova Scotia
5717,594708,2021-06-02,Nova Scotia
13780,608488,2021-06-03,Nova Scotia
13173,621661,2021-06-04,Nova Scotia
0,621661,2021-06-05,Nova Scotia
0,621661,2021-06-06,Nova Scotia
16250,637911,2021-06-07,Nova Scotia
4807,642718,2021-06-08,Nova Scotia
4886,647604,2021-06-09,Nova Scotia
16236,663840,2021-06-10,Nova Scotia
14775,678615,2021-06-11,Nova Scotia
0,678615,2021-06-12,Nova Scotia
0,678615,2021-06-13,Nova Scotia
20364,698979,2021-06-14,Nova Scotia
6586,705565,2021-06-15,Nova Scotia
9505,715070,2021-06-16,Nova Scotia
19938,735008,2021-06-17,Nova Scotia
17591,752599,2021-06-18,Nova Scotia
0,752599,2021-06-19,Nova Scotia
0,752599,2021-06-20,Nova Scotia
23303,775902,2021-06-21,Nova Scotia
14612,790514,2021-06-22,Nova Scotia
18199,808713,2021-06-23,Nova Scotia
19988,828701,2021-06-24,Nova Scotia
19129,847830,2021-06-25,Nova Scotia
0,847830,2021-06-26,Nova Scotia
0,847830,2021-06-27,Nova Scotia
28387,876217,2021-06-28,Nova Scotia
22030,898247,2021-06-29,Nova Scotia
27815,926062,2021-06-30,Nova Scotia
0,926062,2021-07-01,Nova Scotia
35591,961653,2021-07-02,Nova Scotia
0,961653,2021-07-03,Nova Scotia
0,961653,2021-07-04,Nova Scotia
32213,993866,2021-07-05,Nova Scotia
17173,1011039,2021-07-06,Nova Scotia
24548,1035587,2021-07-07,Nova Scotia
26831,1062418,2021-07-08,Nova Scotia
22849,1085267,2021-07-09,Nova Scotia
0,1085267,2021-07-10,Nova Scotia
0,1085267,2021-07-11,Nova Scotia
32059,1117326,2021-07-12,Nova Scotia
17265,1134591,2021-07-13,Nova Scotia
20194,1154785,2021-07-14,Nova Scotia
21226,1176011,2021-07-15,Nova Scotia
17497,1193508,2021-07-16,Nova Scotia
0,1193508,2021-07-17,Nova Scotia
0,1193508,2021-07-18,Nova Scotia
16652,1210160,2021-07-19,Nova Scotia
0,1210160,2021-07-20,Nova Scotia
29954,1240114,2021-07-21,Nova Scotia
16673,1256787,2021-07-22,Nova Scotia
15161,1271948,2021-07-23,Nova Scotia
0,1271948,2021-07-24,Nova Scotia
0,1271948,2021-07-25,Nova Scotia
20225,1292173,2021-07-26,Nova Scotia
11563,1303736,2021-07-27,Nova Scotia
13821,1317557,2021-07-28,Nova Scotia
15403,1332960,2021-07-29,Nova Scotia
12441,1345401,2021-07-30,Nova Scotia
0,1345401,2021-07-31,Nova Scotia
0,1345401,2021-08-01,Nova Scotia
0,1345401,2021-08-02,Nova Scotia
15259,1360660,2021-08-03,Nova Scotia
10242,1370902,2021-08-04,Nova Scotia
8762,1379664,2021-08-05,Nova Scotia
7568,1387232,2021-08-06,Nova Scotia
0,1387232,2021-08-07,Nova Scotia
0,1387232,2021-08-08,Nova Scotia
7779,1395011,2021-08-09,Nova Scotia
2504,1397515,2021-08-10,Nova Scotia
3151,1400666,2021-08-11,Nova Scotia
2951,1403617,2021-08-12,Nova Scotia
0,1403617,2021-08-13,Nova Scotia
0,1403617,2021-08-14,Nova Scotia
0,1403617,2021-08-15,Nova Scotia
6122,1409739,2021-08-16,Nova Scotia
1644,1411383,2021-08-17,Nova Scotia
0,0,2020-12-14,Nunavut
0,0,2020-12-15,Nunavut
0,0,2020-12-16,Nunavut
0,0,2020-12-17,Nunavut
0,0,2020-12-18,Nunavut
0,0,2020-12-19,Nunavut
0,0,2020-12-20,Nunavut
0,0,2020-12-21,Nunavut
0,0,2020-12-22,Nunavut
0,0,2020-12-23,Nunavut
0,0,2020-12-24,Nunavut
0,0,2020-12-25,Nunavut
0,0,2020-12-26,Nunavut
0,0,2020-12-27,Nunavut
0,0,2020-12-28,Nunavut
0,0,2020-12-29,Nunavut
0,0,2020-12-30,Nunavut
0,0,2020-12-31,Nunavut
0,0,2021-01-01,Nunavut
0,0,2021-01-02,Nunavut
0,0,2021-01-03,Nunavut
0,0,2021-01-04,Nunavut
0,0,2021-01-05,Nunavut
29,29,2021-01-06,Nunavut
0,29,2021-01-07,Nunavut
0,29,2021-01-08,Nunavut
0,29,2021-01-09,Nunavut
0,29,2021-01-10,Nunavut
0,29,2021-01-11,Nunavut
0,29,2021-01-12,Nunavut
371,400,2021-01-13,Nunavut
121,521,2021-01-14,Nunavut
462,983,2021-01-15,Nunavut
0,983,2021-01-16,Nunavut
0,983,2021-01-17,Nunavut
1158,2141,2021-01-18,Nunavut
404,2545,2021-01-19,Nunavut
0,2545,2021-01-20,Nunavut
830,3375,2021-01-21,Nunavut
447,3822,2021-01-22,Nunavut
0,3822,2021-01-23,Nunavut
0,3822,2021-01-24,Nunavut
636,4458,2021-01-25,Nunavut
265,4723,2021-01-26,Nunavut
207,4930,2021-01-27,Nunavut
294,5224,2021-01-28,Nunavut
92,5316,2021-01-29,Nunavut
0,5316,2021-01-30,Nunavut
0,5316,2021-01-31,Nunavut
148,5464,2021-02-01,Nunavut
42,5506,2021-02-02,Nunavut
13,5519,2021-02-03,Nunavut
49,5568,2021-02-04,Nunavut
81,5649,2021-02-05,Nunavut
0,5649,2021-02-06,Nunavut
0,5649,2021-02-07,Nunavut
203,5852,2021-02-08,Nunavut
87,5939,2021-02-09,Nunavut
187,6126,2021-02-10,Nunavut
59,6185,2021-02-11,Nunavut
20,6205,2021-02-12,Nunavut
0,6205,2021-02-13,Nunavut
0,6205,2021-02-14,Nunavut
0,6205,2021-02-15,Nunavut
440,6645,2021-02-16,Nunavut
160,6805,2021-02-17,Nunavut
45,6850,2021-02-18,Nunavut
65,6915,2021-02-19,Nunavut
0,6915,2021-02-20,Nunavut
0,6915,2021-02-21,Nunavut
62,6977,2021-02-22,Nunavut
34,7011,2021-02-23,Nunavut
62,7073,2021-02-24,Nunavut
184,7257,2021-02-25,Nunavut
19,7276,2021-02-26,Nunavut
0,7276,2021-02-27,Nunavut
0,7276,2021-02-28,Nunavut
126,7402,2021-03-01,Nunavut
664,8066,2021-03-02,Nunavut
5327,13393,2021-03-03,Nunavut
360,13753,2021-03-04,Nunavut
158,13911,2021-03-05,Nunavut
0,13911,2021-03-06,Nunavut
0,13911,2021-03-07,Nunavut
753,14664,2021-03-08,Nunavut
279,14943,2021-03-09,Nunavut
476,15419,2021-03-10,Nunavut
253,15672,2021-03-11,Nunavut
217,15889,2021-03-12,Nunavut
0,15889,2021-03-13,Nunavut
0,15889,2021-03-14,Nunavut
429,16318,2021-03-15,Nunavut
555,16873,2021-03-16,Nunavut
569,17442,2021-03-17,Nunavut
369,17811,2021-03-18,Nunavut
186,17997,2021-03-19,Nunavut
0,17997,2021-03-20,Nunavut
0,17997,2021-03-21,Nunavut
240,18237,2021-03-22,Nunavut
482,18719,2021-03-23,Nunavut
394,19113,2021-03-24,Nunavut
381,19494,2021-03-25,Nunavut
175,19669,2021-03-26,Nunavut
0,19669,2021-03-27,Nunavut
0,19669,2021-03-28,Nunavut
332,20001,2021-03-29,Nunavut
568,20569,2021-03-30,Nunavut
246,20815,2021-03-31,Nunavut
197,21012,2021-04-01,Nunavut
0,21012,2021-04-02,Nunavut
0,21012,2021-04-03,Nunavut
0,21012,2021-04-04,Nunavut
0,21012,2021-04-05,Nunavut
751,21763,2021-04-06,Nunavut
535,22298,2021-04-07,Nunavut
0,22298,2021-04-08,Nunavut
567,22865,2021-04-09,Nunavut
0,22865,2021-04-10,Nunavut
0,22865,2021-04-11,Nunavut
331,23196,2021-04-12,Nunavut
373,23569,2021-04-13,Nunavut
323,23892,2021-04-14,Nunavut
173,24065,2021-04-15,Nunavut
404,24469,2021-04-16,Nunavut
0,24469,2021-04-17,Nunavut
0,24469,2021-04-18,Nunavut
719,25188,2021-04-19,Nunavut
487,25675,2021-04-20,Nunavut
489,26164,2021-04-21,Nunavut
408,26572,2021-04-22,Nunavut
283,26855,2021-04-23,Nunavut
0,26855,2021-04-24,Nunavut
0,26855,2021-04-25,Nunavut
489,27344,2021-04-26,Nunavut
0,27344,2021-04-27,Nunavut
469,27813,2021-04-28,Nunavut
249,28062,2021-04-29,Nunavut
189,28251,2021-04-30,Nunavut
0,28251,2021-05-01,Nunavut
0,28251,2021-05-02,Nunavut
333,28584,2021-05-03,Nunavut
128,28712,2021-05-04,Nunavut
125,28837,2021-05-05,Nunavut
126,28963,2021-05-06,Nunavut
133,29096,2021-05-07,Nunavut
0,29096,2021-05-08,Nunavut
0,29096,2021-05-09,Nunavut
201,29297,2021-05-10,Nunavut
105,29402,2021-05-11,Nunavut
-97,29305,2021-05-12,Nunavut
0,29305,2021-05-13,Nunavut
0,29305,2021-05-14,Nunavut
0,29305,2021-05-15,Nunavut
0,29305,2021-05-16,Nunavut
0,29305,2021-05-17,Nunavut
720,30025,2021-05-18,Nunavut
0,30025,2021-05-19,Nunavut
0,30025,2021-05-20,Nunavut
0,30025,2021-05-21,Nunavut
0,30025,2021-05-22,Nunavut
0,30025,2021-05-23,Nunavut
0,30025,2021-05-24,Nunavut
1132,31157,2021-05-25,Nunavut
0,31157,2021-05-26,Nunavut
0,31157,2021-05-27,Nunavut
0,31157,2021-05-28,Nunavut
0,31157,2021-05-29,Nunavut
0,31157,2021-05-30,Nunavut
0,31157,2021-05-31,Nunavut
1039,32196,2021-06-01,Nunavut
0,32196,2021-06-02,Nunavut
0,32196,2021-06-03,Nunavut
0,32196,2021-06-04,Nunavut
0,32196,2021-06-05,Nunavut
0,32196,2021-06-06,Nunavut
0,32196,2021-06-07,Nunavut
0,32196,2021-06-08,Nunavut
0,32196,2021-06-09,Nunavut
0,32196,2021-06-10,Nunavut
0,32196,2021-06-11,Nunavut
0,32196,2021-06-12,Nunavut
0,32196,2021-06-13,Nunavut
0,32196,2021-06-14,Nunavut
0,32196,2021-06-15,Nunavut
0,32196,2021-06-16,Nunavut
998,33194,2021-06-17,Nunavut
0,33194,2021-06-18,Nunavut
0,33194,2021-06-19,Nunavut
0,33194,2021-06-20,Nunavut
0,33194,2021-06-21,Nunavut
0,33194,2021-06-22,Nunavut
2497,35691,2021-06-23,Nunavut
0,35691,2021-06-24,Nunavut
0,35691,2021-06-25,Nunavut
0,35691,2021-06-26,Nunavut
0,35691,2021-06-27,Nunavut
0,35691,2021-06-28,Nunavut
1453,37144,2021-06-29,Nunavut
0,37144,2021-06-30,Nunavut
0,37144,2021-07-01,Nunavut
0,37144,2021-07-02,Nunavut
0,37144,2021-07-03,Nunavut
0,37144,2021-07-04,Nunavut
0,37144,2021-07-05,Nunavut
818,37962,2021-07-06,Nunavut
0,37962,2021-07-07,Nunavut
0,37962,2021-07-08,Nunavut
0,37962,2021-07-09,Nunavut
0,37962,2021-07-10,Nunavut
0,37962,2021-07-11,Nunavut
0,37962,2021-07-12,Nunavut
1282,39244,2021-07-13,Nunavut
0,39244,2021-07-14,Nunavut
0,39244,2021-07-15,Nunavut
0,39244,2021-07-16,Nunavut
0,39244,2021-07-17,Nunavut
0,39244,2021-07-18,Nunavut
0,39244,2021-07-19,Nunavut
2006,41250,2021-07-20,Nunavut
0,41250,2021-07-21,Nunavut
0,41250,2021-07-22,Nunavut
0,41250,2021-07-23,Nunavut
0,41250,2021-07-24,Nunavut
0,41250,2021-07-25,Nunavut
0,41250,2021-07-26,Nunavut
782,42032,2021-07-27,Nunavut
0,42032,2021-07-28,Nunavut
0,42032,2021-07-29,Nunavut
0,42032,2021-07-30,Nunavut
0,42032,2021-07-31,Nunavut
0,42032,2021-08-01,Nunavut
0,42032,2021-08-02,Nunavut
0,42032,2021-08-03,Nunavut
683,42715,2021-08-04,Nunavut
0,42715,2021-08-05,Nunavut
0,42715,2021-08-06,Nunavut
0,42715,2021-08-07,Nunavut
0,42715,2021-08-08,Nunavut
0,42715,2021-08-09,Nunavut
423,43138,2021-08-10,Nunavut
0,43138,2021-08-11,Nunavut
0,43138,2021-08-12,Nunavut
0,43138,2021-08-13,Nunavut
0,43138,2021-08-14,Nunavut
0,43138,2021-08-15,Nunavut
0,43138,2021-08-16,Nunavut
490,43628,2021-08-17,Nunavut
0,0,2020-12-14,NWT
0,0,2020-12-15,NWT
0,0,2020-12-16,NWT
0,0,2020-12-17,NWT
0,0,2020-12-18,NWT
0,0,2020-12-19,NWT
0,0,2020-12-20,NWT
0,0,2020-12-21,NWT
0,0,2020-12-22,NWT
0,0,2020-12-23,NWT
0,0,2020-12-24,NWT
0,0,2020-12-25,NWT
0,0,2020-12-26,NWT
0,0,2020-12-27,NWT
0,0,2020-12-28,NWT
0,0,2020-12-29,NWT
0,0,2020-12-30,NWT
2,2,2020-12-31,NWT
0,2,2021-01-01,NWT
0,2,2021-01-02,NWT
0,2,2021-01-03,NWT
0,2,2021-01-04,NWT
128,130,2021-01-05,NWT
0,130,2021-01-06,NWT
0,130,2021-01-07,NWT
32,162,2021-01-08,NWT
0,162,2021-01-09,NWT
0,162,2021-01-10,NWT
0,162,2021-01-11,NWT
350,512,2021-01-12,NWT
0,512,2021-01-13,NWT
0,512,2021-01-14,NWT
0,512,2021-01-15,NWT
0,512,2021-01-16,NWT
0,512,2021-01-17,NWT
1381,1893,2021-01-18,NWT
0,1893,2021-01-19,NWT
0,1893,2021-01-20,NWT
0,1893,2021-01-21,NWT
0,1893,2021-01-22,NWT
0,1893,2021-01-23,NWT
0,1893,2021-01-24,NWT
0,1893,2021-01-25,NWT
7578,9471,2021-01-26,NWT
0,9471,2021-01-27,NWT
0,9471,2021-01-28,NWT
0,9471,2021-01-29,NWT
0,9471,2021-01-30,NWT
0,9471,2021-01-31,NWT
0,9471,2021-02-01,NWT
2895,12366,2021-02-02,NWT
0,12366,2021-02-03,NWT
0,12366,2021-02-04,NWT
0,12366,2021-02-05,NWT
0,12366,2021-02-06,NWT
0,12366,2021-02-07,NWT
0,12366,2021-02-08,NWT
766,13132,2021-02-09,NWT
0,13132,2021-02-10,NWT
0,13132,2021-02-11,NWT
0,13132,2021-02-12,NWT
0,13132,2021-02-13,NWT
0,13132,2021-02-14,NWT
1025,14157,2021-02-15,NWT
0,14157,2021-02-16,NWT
0,14157,2021-02-17,NWT
0,14157,2021-02-18,NWT
0,14157,2021-02-19,NWT
0,14157,2021-02-20,NWT
0,14157,2021-02-21,NWT
0,14157,2021-02-22,NWT
2297,16454,2021-02-23,NWT
0,16454,2021-02-24,NWT
0,16454,2021-02-25,NWT
0,16454,2021-02-26,NWT
0,16454,2021-02-27,NWT
0,16454,2021-02-28,NWT
0,16454,2021-03-01,NWT
3321,19775,2021-03-02,NWT
0,19775,2021-03-03,NWT
0,19775,2021-03-04,NWT
0,19775,2021-03-05,NWT
0,19775,2021-03-06,NWT
0,19775,2021-03-07,NWT
0,19775,2021-03-08,NWT
8433,28208,2021-03-09,NWT
0,28208,2021-03-10,NWT
0,28208,2021-03-11,NWT
0,28208,2021-03-12,NWT
0,28208,2021-03-13,NWT
0,28208,2021-03-14,NWT
3866,32074,2021-03-15,NWT
0,32074,2021-03-16,NWT
0,32074,2021-03-17,NWT
0,32074,2021-03-18,NWT
0,32074,2021-03-19,NWT
0,32074,2021-03-20,NWT
0,32074,2021-03-21,NWT
3323,35397,2021-03-22,NWT
0,35397,2021-03-23,NWT
0,35397,2021-03-24,NWT
0,35397,2021-03-25,NWT
0,35397,2021-03-26,NWT
0,35397,2021-03-27,NWT
0,35397,2021-03-28,NWT
2258,37655,2021-03-29,NWT
0,37655,2021-03-30,NWT
0,37655,2021-03-31,NWT
0,37655,2021-04-01,NWT
0,37655,2021-04-02,NWT
0,37655,2021-04-03,NWT
0,37655,2021-04-04,NWT
0,37655,2021-04-05,NWT
919,38574,2021-04-06,NWT
0,38574,2021-04-07,NWT
0,38574,2021-04-08,NWT
0,38574,2021-04-09,NWT
0,38574,2021-04-10,NWT
0,38574,2021-04-11,NWT
2643,41217,2021-04-12,NWT
0,41217,2021-04-13,NWT
0,41217,2021-04-14,NWT
0,41217,2021-04-15,NWT
0,41217,2021-04-16,NWT
0,41217,2021-04-17,NWT
0,41217,2021-04-18,NWT
3429,44646,2021-04-19,NWT
0,44646,2021-04-20,NWT
0,44646,2021-04-21,NWT
0,44646,2021-04-22,NWT
0,44646,2021-04-23,NWT
0,44646,2021-04-24,NWT
0,44646,2021-04-25,NWT
2154,46800,2021-04-26,NWT
0,46800,2021-04-27,NWT
0,46800,2021-04-28,NWT
0,46800,2021-04-29,NWT
0,46800,2021-04-30,NWT
0,46800,2021-05-01,NWT
0,46800,2021-05-02,NWT
1207,48007,2021-05-03,NWT
0,48007,2021-05-04,NWT
0,48007,2021-05-05,NWT
0,48007,2021-05-06,NWT
0,48007,2021-05-07,NWT
0,48007,2021-05-08,NWT
0,48007,2021-05-09,NWT
1804,49811,2021-05-10,NWT
0,49811,2021-05-11,NWT
0,49811,2021-05-12,NWT
0,49811,2021-05-13,NWT
0,49811,2021-05-14,NWT
0,49811,2021-05-15,NWT
0,49811,2021-05-16,NWT
1509,51320,2021-05-17,NWT
0,51320,2021-05-18,NWT
0,51320,2021-05-19,NWT
0,51320,2021-05-20,NWT
0,51320,2021-05-21,NWT
0,51320,2021-05-22,NWT
0,51320,2021-05-23,NWT
0,51320,2021-05-24,NWT
917,52237,2021-05-25,NWT
0,52237,2021-05-26,NWT
0,52237,2021-05-27,NWT
0,52237,2021-05-28,NWT
0,52237,2021-05-29,NWT
0,52237,2021-05-30,NWT
1264,53501,2021-05-31,NWT
0,53501,2021-06-01,NWT
0,53501,2021-06-02,NWT
0,53501,2021-06-03,NWT
0,53501,2021-06-04,NWT
0,53501,2021-06-05,NWT
0,53501,2021-06-06,NWT
0,53501,2021-06-07,NWT
1577,55078,2021-06-08,NWT
0,55078,2021-06-09,NWT
0,55078,2021-06-10,NWT
0,55078,2021-06-11,NWT
0,55078,2021-06-12,NWT
0,55078,2021-06-13,NWT
0,55078,2021-06-14,NWT
2137,57215,2021-06-15,NWT
0,57215,2021-06-16,NWT
0,57215,2021-06-17,NWT
0,57215,2021-06-18,NWT
0,57215,2021-06-19,NWT
0,57215,2021-06-20,NWT
0,57215,2021-06-21,NWT
1625,58840,2021-06-22,NWT
0,58840,2021-06-23,NWT
0,58840,2021-06-24,NWT
0,58840,2021-06-25,NWT
0,58840,2021-06-26,NWT
0,58840,2021-06-27,NWT
1213,60053,2021-06-28,NWT
0,60053,2021-06-29,NWT
0,60053,2021-06-30,NWT
0,60053,2021-07-01,NWT
0,60053,2021-07-02,NWT
0,60053,2021-07-03,NWT
0,60053,2021-07-04,NWT
823,60876,2021-07-05,NWT
0,60876,2021-07-06,NWT
0,60876,2021-07-07,NWT
0,60876,2021-07-08,NWT
0,60876,2021-07-09,NWT
0,60876,2021-07-10,NWT
0,60876,2021-07-11,NWT
865,61741,2021-07-12,NWT
0,61741,2021-07-13,NWT
0,61741,2021-07-14,NWT
0,61741,2021-07-15,NWT
0,61741,2021-07-16,NWT
0,61741,2021-07-17,NWT
0,61741,2021-07-18,NWT
984,62725,2021-07-19,NWT
0,62725,2021-07-20,NWT
0,62725,2021-07-21,NWT
0,62725,2021-07-22,NWT
0,62725,2021-07-23,NWT
0,62725,2021-07-24,NWT
0,62725,2021-07-25,NWT
839,63564,2021-07-26,NWT
0,63564,2021-07-27,NWT
0,63564,2021-07-28,NWT
0,63564,2021-07-29,NWT
0,63564,2021-07-30,NWT
0,63564,2021-07-31,NWT
0,63564,2021-08-01,NWT
0,63564,2021-08-02,NWT
0,63564,2021-08-03,NWT
732,64296,2021-08-04,NWT
0,64296,2021-08-05,NWT
0,64296,2021-08-06,NWT
0,64296,2021-08-07,NWT
0,64296,2021-08-08,NWT
433,64729,2021-08-09,NWT
0,64729,2021-08-10,NWT
0,64729,2021-08-11,NWT
0,64729,2021-08-12,NWT
0,64729,2021-08-13,NWT
0,64729,2021-08-14,NWT
0,64729,2021-08-15,NWT
738,65467,2021-08-16,NWT
0,65467,2021-08-17,NWT
5,5,2020-12-14,Ontario
426,431,2020-12-15,Ontario
544,975,2020-12-16,Ontario
941,1916,2020-12-17,Ontario
384,2300,2020-12-18,Ontario
559,2859,2020-12-19,Ontario
128,2987,2020-12-20,Ontario
422,3409,2020-12-21,Ontario
1841,5250,2020-12-22,Ontario
3468,8718,2020-12-23,Ontario
2038,10756,2020-12-24,Ontario
302,11058,2020-12-25,Ontario
0,11058,2020-12-26,Ontario
169,11227,2020-12-27,Ontario
1973,13200,2020-12-28,Ontario
4848,18048,2020-12-29,Ontario
555,18603,2020-12-30,Ontario
4899,23502,2020-12-31,Ontario
5373,28875,2021-01-01,Ontario
4316,33191,2021-01-02,Ontario
4360,37551,2021-01-03,Ontario
4868,42419,2021-01-04,Ontario
7611,50030,2021-01-05,Ontario
10350,60380,2021-01-06,Ontario
12251,72631,2021-01-07,Ontario
14932,87563,2021-01-08,Ontario
15700,103263,2021-01-09,Ontario
9983,113246,2021-01-10,Ontario
8859,122105,2021-01-11,Ontario
11448,133553,2021-01-12,Ontario
11231,144784,2021-01-13,Ontario
14237,159021,2021-01-14,Ontario
15609,174630,2021-01-15,Ontario
14460,189090,2021-01-16,Ontario
11007,200097,2021-01-17,Ontario
9691,209788,2021-01-18,Ontario
14346,224134,2021-01-19,Ontario
13784,237918,2021-01-20,Ontario
15899,253817,2021-01-21,Ontario
11168,264985,2021-01-22,Ontario
11161,276146,2021-01-23,Ontario
4427,280573,2021-01-24,Ontario
5537,286110,2021-01-25,Ontario
9707,295817,2021-01-26,Ontario
9513,305330,2021-01-27,Ontario
11910,317240,2021-01-28,Ontario
10215,327455,2021-01-29,Ontario
9373,336828,2021-01-30,Ontario
2816,339644,2021-01-31,Ontario
2256,341900,2021-02-01,Ontario
2715,344615,2021-02-02,Ontario
3716,348331,2021-02-03,Ontario
6724,355055,2021-02-04,Ontario
7694,362749,2021-02-05,Ontario
9917,372666,2021-02-06,Ontario
6518,379184,2021-02-07,Ontario
6987,386171,2021-02-08,Ontario
12462,398633,2021-02-09,Ontario
13486,412119,2021-02-10,Ontario
14717,426836,2021-02-11,Ontario
15605,442441,2021-02-12,Ontario
14506,456947,2021-02-13,Ontario
10679,467626,2021-02-14,Ontario
0,467626,2021-02-15,Ontario
12751,480377,2021-02-16,Ontario
9107,489484,2021-02-17,Ontario
12383,501867,2021-02-18,Ontario
16967,518834,2021-02-19,Ontario
21295,540129,2021-02-20,Ontario
16404,556533,2021-02-21,Ontario
12922,569455,2021-02-22,Ontario
16252,585707,2021-02-23,Ontario
17141,602848,2021-02-24,Ontario
19112,621960,2021-02-25,Ontario
21805,643765,2021-02-26,Ontario
24339,668104,2021-02-27,Ontario
19167,687271,2021-02-28,Ontario
17424,704695,2021-03-01,Ontario
22326,727021,2021-03-02,Ontario
27398,754419,2021-03-03,Ontario
30409,784828,2021-03-04,Ontario
35886,820714,2021-03-05,Ontario
39698,860412,2021-03-06,Ontario
30192,890604,2021-03-07,Ontario
21882,912486,2021-03-08,Ontario
31047,943533,2021-03-09,Ontario
35264,978797,2021-03-10,Ontario
40610,1019407,2021-03-11,Ontario
43503,1062910,2021-03-12,Ontario
53586,1116496,2021-03-13,Ontario
41859,1158355,2021-03-14,Ontario
33198,1191553,2021-03-15,Ontario
51579,1243132,2021-03-16,Ontario
58202,1301334,2021-03-17,Ontario
58119,1359453,2021-03-18,Ontario
61146,1420599,2021-03-19,Ontario
60283,1480882,2021-03-20,Ontario
40823,1521705,2021-03-21,Ontario
31335,1553040,2021-03-22,Ontario
50659,1603699,2021-03-23,Ontario
72451,1676150,2021-03-24,Ontario
79446,1755596,2021-03-25,Ontario
82996,1838592,2021-03-26,Ontario
77740,1916332,2021-03-27,Ontario
64950,1981282,2021-03-28,Ontario
50453,2031735,2021-03-29,Ontario
70645,2102380,2021-03-30,Ontario
89873,2192253,2021-03-31,Ontario
84060,2276313,2021-04-01,Ontario
0,2276313,2021-04-02,Ontario
147750,2424063,2021-04-03,Ontario
0,2424063,2021-04-04,Ontario
121577,2545640,2021-04-05,Ontario
76199,2621839,2021-04-06,Ontario
104382,2726221,2021-04-07,Ontario
108563,2834784,2021-04-08,Ontario
105382,2940166,2021-04-09,Ontario
104783,3044949,2021-04-10,Ontario
94794,3139743,2021-04-11,Ontario
74722,3214465,2021-04-12,Ontario
95692,3310157,2021-04-13,Ontario
112817,3422974,2021-04-14,Ontario
105430,3528404,2021-04-15,Ontario
115634,3644038,2021-04-16,Ontario
107278,3751316,2021-04-17,Ontario
86565,3837881,2021-04-18,Ontario
66897,3904778,2021-04-19,Ontario
90409,3995187,2021-04-20,Ontario
136695,4131882,2021-04-21,Ontario
134920,4266802,2021-04-22,Ontario
133872,4400674,2021-04-23,Ontario
126694,4527368,2021-04-24,Ontario
99235,4626603,2021-04-25,Ontario
69608,4696211,2021-04-26,Ontario
94819,4791030,2021-04-27,Ontario
116173,4907203,2021-04-28,Ontario
120567,5027770,2021-04-29,Ontario
112214,5139984,2021-04-30,Ontario
107700,5247684,2021-05-01,Ontario
76685,5324369,2021-05-02,Ontario
53880,5378249,2021-05-03,Ontario
88871,5467120,2021-05-04,Ontario
132603,5599723,2021-05-05,Ontario
141038,5740761,2021-05-06,Ontario
144724,5885485,2021-05-07,Ontario
138125,6023610,2021-05-08,Ontario
121075,6144685,2021-05-09,Ontario
94093,6238778,2021-05-10,Ontario
112103,6350881,2021-05-11,Ontario
140785,6491666,2021-05-12,Ontario
137697,6629363,2021-05-13,Ontario
141765,6771128,2021-05-14,Ontario
154104,6925232,2021-05-15,Ontario
139583,7064815,2021-05-16,Ontario
112330,7177145,2021-05-17,Ontario
109032,7286177,2021-05-18,Ontario
145461,7431638,2021-05-19,Ontario
144986,7576624,2021-05-20,Ontario
158524,7735148,2021-05-21,Ontario
190129,7925277,2021-05-22,Ontario
140330,8065607,2021-05-23,Ontario
0,8065607,2021-05-24,Ontario
186035,8251642,2021-05-25,Ontario
135308,8386950,2021-05-26,Ontario
143748,8530698,2021-05-27,Ontario
159775,8690473,2021-05-28,Ontario
148972,8839445,2021-05-29,Ontario
144833,8984278,2021-05-30,Ontario
97747,9082025,2021-05-31,Ontario
120195,9202220,2021-06-01,Ontario
139901,9342121,2021-06-02,Ontario
150884,9493005,2021-06-03,Ontario
168322,9661327,2021-06-04,Ontario
172855,9834182,2021-06-05,Ontario
158393,9992575,2021-06-06,Ontario
116829,10109404,2021-06-07,Ontario
158209,10267613,2021-06-08,Ontario
177506,10445119,2021-06-09,Ontario
182350,10627469,2021-06-10,Ontario
199951,10827420,2021-06-11,Ontario
195032,11022452,2021-06-12,Ontario
186415,11208867,2021-06-13,Ontario
135574,11344441,2021-06-14,Ontario
184989,11529430,2021-06-15,Ontario
202984,11732414,2021-06-16,Ontario
210611,11943025,2021-06-17,Ontario
210638,12153663,2021-06-18,Ontario
213236,12366899,2021-06-19,Ontario
184251,12551150,2021-06-20,Ontario
118625,12669775,2021-06-21,Ontario
199535,12869310,2021-06-22,Ontario
227318,13096628,2021-06-23,Ontario
225188,13321816,2021-06-24,Ontario
246393,13568209,2021-06-25,Ontario
256260,13824469,2021-06-26,Ontario
202672,14027141,2021-06-27,Ontario
180369,14207510,2021-06-28,Ontario
265231,14472741,2021-06-29,Ontario
268397,14741138,2021-06-30,Ontario
0,14741138,2021-07-01,Ontario
413361,15154499,2021-07-02,Ontario
210504,15365003,2021-07-03,Ontario
196068,15561071,2021-07-04,Ontario
144795,15705866,2021-07-05,Ontario
215719,15921585,2021-07-06,Ontario
204594,16126179,2021-07-07,Ontario
268884,16395063,2021-07-08,Ontario
224864,16619927,2021-07-09,Ontario
207507,16827434,2021-07-10,Ontario
170537,16997971,2021-07-11,Ontario
121653,17119624,2021-07-12,Ontario
176834,17296458,2021-07-13,Ontario
179197,17475655,2021-07-14,Ontario
166201,17641856,2021-07-15,Ontario
168616,17810472,2021-07-16,Ontario
169103,17979575,2021-07-17,Ontario
134654,18114229,2021-07-18,Ontario
91320,18205549,2021-07-19,Ontario
132963,18338512,2021-07-20,Ontario
140491,18479003,2021-07-21,Ontario
125166,18604169,2021-07-22,Ontario
120231,18724400,2021-07-23,Ontario
124261,18848661,2021-07-24,Ontario
103812,18952473,2021-07-25,Ontario
65920,19018393,2021-07-26,Ontario
92035,19110428,2021-07-27,Ontario
94116,19204544,2021-07-28,Ontario
89157,19293701,2021-07-29,Ontario
83907,19377608,2021-07-30,Ontario
81590,19459198,2021-07-31,Ontario
60583,19519781,2021-08-01,Ontario
0,19519781,2021-08-02,Ontario
72136,19591917,2021-08-03,Ontario
60094,19652011,2021-08-04,Ontario
58213,19710224,2021-08-05,Ontario
53975,19764199,2021-08-06,Ontario
61041,19825240,2021-08-07,Ontario
46970,19872210,2021-08-08,Ontario
29949,19902159,2021-08-09,Ontario
48278,19950437,2021-08-10,Ontario
48307,19998744,2021-08-11,Ontario
49167,20047911,2021-08-12,Ontario
48682,20096593,2021-08-13,Ontario
50343,20146936,2021-08-14,Ontario
40907,20187843,2021-08-15,Ontario
26033,20213876,2021-08-16,Ontario
40626,20254502,2021-08-17,Ontario
0,0,2020-12-14,PEI
0,0,2020-12-15,PEI
140,140,2020-12-16,PEI
204,344,2020-12-17,PEI
0,344,2020-12-18,PEI
0,344,2020-12-19,PEI
0,344,2020-12-20,PEI
0,344,2020-12-21,PEI
1156,1500,2020-12-22,PEI
0,1500,2020-12-23,PEI
0,1500,2020-12-24,PEI
0,1500,2020-12-25,PEI
0,1500,2020-12-26,PEI
0,1500,2020-12-27,PEI
0,1500,2020-12-28,PEI
0,1500,2020-12-29,PEI
0,1500,2020-12-30,PEI
450,1950,2020-12-31,PEI
0,1950,2021-01-01,PEI
0,1950,2021-01-02,PEI
0,1950,2021-01-03,PEI
0,1950,2021-01-04,PEI
170,2120,2021-01-05,PEI
0,2120,2021-01-06,PEI
0,2120,2021-01-07,PEI
1480,3600,2021-01-08,PEI
0,3600,2021-01-09,PEI
0,3600,2021-01-10,PEI
0,3600,2021-01-11,PEI
626,4226,2021-01-12,PEI
0,4226,2021-01-13,PEI
876,5102,2021-01-14,PEI
0,5102,2021-01-15,PEI
0,5102,2021-01-16,PEI
0,5102,2021-01-17,PEI
0,5102,2021-01-18,PEI
808,5910,2021-01-19,PEI
0,5910,2021-01-20,PEI
615,6525,2021-01-21,PEI
0,6525,2021-01-22,PEI
0,6525,2021-01-23,PEI
0,6525,2021-01-24,PEI
0,6525,2021-01-25,PEI
592,7117,2021-01-26,PEI
0,7117,2021-01-27,PEI
393,7510,2021-01-28,PEI
0,7510,2021-01-29,PEI
0,7510,2021-01-30,PEI
0,7510,2021-01-31,PEI
0,7510,2021-02-01,PEI
346,7856,2021-02-02,PEI
0,7856,2021-02-03,PEI
481,8337,2021-02-04,PEI
0,8337,2021-02-05,PEI
0,8337,2021-02-06,PEI
0,8337,2021-02-07,PEI
0,8337,2021-02-08,PEI
491,8828,2021-02-09,PEI
0,8828,2021-02-10,PEI
0,8828,2021-02-11,PEI
311,9139,2021-02-12,PEI
0,9139,2021-02-13,PEI
0,9139,2021-02-14,PEI
0,9139,2021-02-15,PEI
1471,10610,2021-02-16,PEI
0,10610,2021-02-17,PEI
81,10691,2021-02-18,PEI
0,10691,2021-02-19,PEI
0,10691,2021-02-20,PEI
0,10691,2021-02-21,PEI
0,10691,2021-02-22,PEI
939,11630,2021-02-23,PEI
0,11630,2021-02-24,PEI
546,12176,2021-02-25,PEI
0,12176,2021-02-26,PEI
0,12176,2021-02-27,PEI
0,12176,2021-02-28,PEI
0,12176,2021-03-01,PEI
420,12596,2021-03-02,PEI
0,12596,2021-03-03,PEI
685,13281,2021-03-04,PEI
0,13281,2021-03-05,PEI
0,13281,2021-03-06,PEI
0,13281,2021-03-07,PEI
0,13281,2021-03-08,PEI
908,14189,2021-03-09,PEI
0,14189,2021-03-10,PEI
1037,15226,2021-03-11,PEI
0,15226,2021-03-12,PEI
422,15648,2021-03-13,PEI
0,15648,2021-03-14,PEI
0,15648,2021-03-15,PEI
351,15999,2021-03-16,PEI
0,15999,2021-03-17,PEI
780,16779,2021-03-18,PEI
0,16779,2021-03-19,PEI
0,16779,2021-03-20,PEI
0,16779,2021-03-21,PEI
0,16779,2021-03-22,PEI
1853,18632,2021-03-23,PEI
0,18632,2021-03-24,PEI
1626,20258,2021-03-25,PEI
0,20258,2021-03-26,PEI
0,20258,2021-03-27,PEI
0,20258,2021-03-28,PEI
0,20258,2021-03-29,PEI
1454,21712,2021-03-30,PEI
0,21712,2021-03-31,PEI
0,21712,2021-04-01,PEI
3441,25153,2021-04-02,PEI
0,25153,2021-04-03,PEI
0,25153,2021-04-04,PEI
0,25153,2021-04-05,PEI
2295,27448,2021-04-06,PEI
0,27448,2021-04-07,PEI
3489,30937,2021-04-08,PEI
0,30937,2021-04-09,PEI
0,30937,2021-04-10,PEI
0,30937,2021-04-11,PEI
0,30937,2021-04-12,PEI
4156,35093,2021-04-13,PEI
0,35093,2021-04-14,PEI
4411,39504,2021-04-15,PEI
0,39504,2021-04-16,PEI
0,39504,2021-04-17,PEI
0,39504,2021-04-18,PEI
0,39504,2021-04-19,PEI
3514,43018,2021-04-20,PEI
0,43018,2021-04-21,PEI
3260,46278,2021-04-22,PEI
0,46278,2021-04-23,PEI
0,46278,2021-04-24,PEI
0,46278,2021-04-25,PEI
0,46278,2021-04-26,PEI
3618,49896,2021-04-27,PEI
0,49896,2021-04-28,PEI
3306,53202,2021-04-29,PEI
0,53202,2021-04-30,PEI
0,53202,2021-05-01,PEI
0,53202,2021-05-02,PEI
0,53202,2021-05-03,PEI
2902,56104,2021-05-04,PEI
0,56104,2021-05-05,PEI
654,56758,2021-05-06,PEI
3000,59758,2021-05-07,PEI
0,59758,2021-05-08,PEI
0,59758,2021-05-09,PEI
0,59758,2021-05-10,PEI
3859,63617,2021-05-11,PEI
0,63617,2021-05-12,PEI
4141,67758,2021-05-13,PEI
0,67758,2021-05-14,PEI
0,67758,2021-05-15,PEI
0,67758,2021-05-16,PEI
0,67758,2021-05-17,PEI
6220,73978,2021-05-18,PEI
0,73978,2021-05-19,PEI
4839,78817,2021-05-20,PEI
0,78817,2021-05-21,PEI
0,78817,2021-05-22,PEI
0,78817,2021-05-23,PEI
0,78817,2021-05-24,PEI
4924,83741,2021-05-25,PEI
0,83741,2021-05-26,PEI
4120,87861,2021-05-27,PEI
0,87861,2021-05-28,PEI
0,87861,2021-05-29,PEI
0,87861,2021-05-30,PEI
0,87861,2021-05-31,PEI
5485,93346,2021-06-01,PEI
0,93346,2021-06-02,PEI
5282,98628,2021-06-03,PEI
2142,100770,2021-06-04,PEI
0,100770,2021-06-05,PEI
0,100770,2021-06-06,PEI
0,100770,2021-06-07,PEI
3511,104281,2021-06-08,PEI
0,104281,2021-06-09,PEI
7335,111616,2021-06-10,PEI
0,111616,2021-06-11,PEI
0,111616,2021-06-12,PEI
0,111616,2021-06-13,PEI
0,111616,2021-06-14,PEI
5075,116691,2021-06-15,PEI
0,116691,2021-06-16,PEI
6517,123208,2021-06-17,PEI
0,123208,2021-06-18,PEI
0,123208,2021-06-19,PEI
0,123208,2021-06-20,PEI
0,123208,2021-06-21,PEI
5846,129054,2021-06-22,PEI
0,129054,2021-06-23,PEI
7418,136472,2021-06-24,PEI
0,136472,2021-06-25,PEI
0,136472,2021-06-26,PEI
0,136472,2021-06-27,PEI
0,136472,2021-06-28,PEI
6345,142817,2021-06-29,PEI
0,142817,2021-06-30,PEI
7553,150370,2021-07-01,PEI
0,150370,2021-07-02,PEI
0,150370,2021-07-03,PEI
0,150370,2021-07-04,PEI
0,150370,2021-07-05,PEI
3619,153989,2021-07-06,PEI
0,153989,2021-07-07,PEI
7671,161660,2021-07-08,PEI
0,161660,2021-07-09,PEI
0,161660,2021-07-10,PEI
0,161660,2021-07-11,PEI
0,161660,2021-07-12,PEI
6941,168601,2021-07-13,PEI
0,168601,2021-07-14,PEI
6214,174815,2021-07-15,PEI
0,174815,2021-07-16,PEI
0,174815,2021-07-17,PEI
0,174815,2021-07-18,PEI
0,174815,2021-07-19,PEI
5791,180606,2021-07-20,PEI
0,180606,2021-07-21,PEI
6554,187160,2021-07-22,PEI
0,187160,2021-07-23,PEI
0,187160,2021-07-24,PEI
0,187160,2021-07-25,PEI
0,187160,2021-07-26,PEI
5742,192902,2021-07-27,PEI
0,192902,2021-07-28,PEI
6289,199191,2021-07-29,PEI
0,199191,2021-07-30,PEI
0,199191,2021-07-31,PEI
0,199191,2021-08-01,PEI
0,199191,2021-08-02,PEI
5595,204786,2021-08-03,PEI
0,204786,2021-08-04,PEI
6160,210946,2021-08-05,PEI
0,210946,2021-08-06,PEI
0,210946,2021-08-07,PEI
0,210946,2021-08-08,PEI
0,210946,2021-08-09,PEI
5523,216469,2021-08-10,PEI
0,216469,2021-08-11,PEI
5967,222436,2021-08-12,PEI
0,222436,2021-08-13,PEI
0,222436,2021-08-14,PEI
0,222436,2021-08-15,PEI
0,222436,2021-08-16,PEI
4794,227230,2021-08-17,PEI
292,292,2020-12-14,Quebec
0,292,2020-12-15,Quebec
1156,1448,2020-12-16,Quebec
941,2389,2020-12-17,Quebec
901,3290,2020-12-18,Quebec
715,4005,2020-12-19,Quebec
716,4721,2020-12-20,Quebec
115,4836,2020-12-21,Quebec
502,5338,2020-12-22,Quebec
1891,7229,2020-12-23,Quebec
3942,11171,2020-12-24,Quebec
0,11171,2020-12-25,Quebec
3019,14190,2020-12-26,Quebec
3392,17582,2020-12-27,Quebec
2857,20439,2020-12-28,Quebec
502,20941,2020-12-29,Quebec
2739,23680,2020-12-30,Quebec
3942,27622,2020-12-31,Quebec
0,27622,2021-01-01,Quebec
342,27964,2021-01-02,Quebec
798,28762,2021-01-03,Quebec
1711,30473,2021-01-04,Quebec
2290,32763,2021-01-05,Quebec
6221,38984,2021-01-06,Quebec
9648,48632,2021-01-07,Quebec
13970,62602,2021-01-08,Quebec
12521,75123,2021-01-09,Quebec
9264,84387,2021-01-10,Quebec
8065,92452,2021-01-11,Quebec
7058,99510,2021-01-12,Quebec
7855,107365,2021-01-13,Quebec
8339,115704,2021-01-14,Quebec
11369,127073,2021-01-15,Quebec
10783,137856,2021-01-16,Quebec
8838,146694,2021-01-17,Quebec
6845,153539,2021-01-18,Quebec
10514,164053,2021-01-19,Quebec
10207,174260,2021-01-20,Quebec
11950,186210,2021-01-21,Quebec
14417,200627,2021-01-22,Quebec
9625,210252,2021-01-23,Quebec
8503,218755,2021-01-24,Quebec
1960,220715,2021-01-25,Quebec
4164,224879,2021-01-26,Quebec
4340,229219,2021-01-27,Quebec
3767,232986,2021-01-28,Quebec
3071,236057,2021-01-29,Quebec
2086,238143,2021-01-30,Quebec
84,238227,2021-01-31,Quebec
796,239023,2021-02-01,Quebec
1807,240830,2021-02-02,Quebec
716,241546,2021-02-03,Quebec
2409,243955,2021-02-04,Quebec
4718,248673,2021-02-05,Quebec
5231,253904,2021-02-06,Quebec
2646,256550,2021-02-07,Quebec
2638,259188,2021-02-08,Quebec
3406,262594,2021-02-09,Quebec
3996,266590,2021-02-10,Quebec
5742,272332,2021-02-11,Quebec
8280,280612,2021-02-12,Quebec
10341,290953,2021-02-13,Quebec
2991,293944,2021-02-14,Quebec
942,294886,2021-02-15,Quebec
2808,297694,2021-02-16,Quebec
1979,299673,2021-02-17,Quebec
2445,302118,2021-02-18,Quebec
9533,311651,2021-02-19,Quebec
17673,329324,2021-02-20,Quebec
15576,344900,2021-02-21,Quebec
8994,353894,2021-02-22,Quebec
12084,365978,2021-02-23,Quebec
10932,376910,2021-02-24,Quebec
10166,387076,2021-02-25,Quebec
13464,400540,2021-02-26,Quebec
17859,418399,2021-02-27,Quebec
13856,432255,2021-02-28,Quebec
6560,438815,2021-03-01,Quebec
16513,455328,2021-03-02,Quebec
17382,472710,2021-03-03,Quebec
17794,490504,2021-03-04,Quebec
19975,510479,2021-03-05,Quebec
21533,532012,2021-03-06,Quebec
16124,548136,2021-03-07,Quebec
16166,564302,2021-03-08,Quebec
16726,581028,2021-03-09,Quebec
18805,599833,2021-03-10,Quebec
19227,619060,2021-03-11,Quebec
29603,648663,2021-03-12,Quebec
32824,681487,2021-03-13,Quebec
34094,715581,2021-03-14,Quebec
28527,744108,2021-03-15,Quebec
30492,774600,2021-03-16,Quebec
30206,804806,2021-03-17,Quebec
27663,832469,2021-03-18,Quebec
39990,872459,2021-03-19,Quebec
43194,915653,2021-03-20,Quebec
29140,944793,2021-03-21,Quebec
21773,966566,2021-03-22,Quebec
26536,993102,2021-03-23,Quebec
31611,1024713,2021-03-24,Quebec
41110,1065823,2021-03-25,Quebec
56135,1121958,2021-03-26,Quebec
54712,1176670,2021-03-27,Quebec
46214,1222884,2021-03-28,Quebec
38971,1261855,2021-03-29,Quebec
43985,1305840,2021-03-30,Quebec
43486,1349326,2021-03-31,Quebec
42323,1391649,2021-04-01,Quebec
49031,1440680,2021-04-02,Quebec
47667,1488347,2021-04-03,Quebec
41194,1529541,2021-04-04,Quebec
22674,1552215,2021-04-05,Quebec
39982,1592197,2021-04-06,Quebec
44113,1636310,2021-04-07,Quebec
48736,1685046,2021-04-08,Quebec
69703,1754749,2021-04-09,Quebec
74262,1829011,2021-04-10,Quebec
61465,1890476,2021-04-11,Quebec
54401,1944877,2021-04-12,Quebec
60229,2005106,2021-04-13,Quebec
70702,2075808,2021-04-14,Quebec
70117,2145925,2021-04-15,Quebec
77850,2223775,2021-04-16,Quebec
73636,2297411,2021-04-17,Quebec
61346,2358757,2021-04-18,Quebec
41177,2399934,2021-04-19,Quebec
48475,2448409,2021-04-20,Quebec
55501,2503910,2021-04-21,Quebec
85772,2589682,2021-04-22,Quebec
90225,2679907,2021-04-23,Quebec
83628,2763535,2021-04-24,Quebec
64949,2828484,2021-04-25,Quebec
42656,2871140,2021-04-26,Quebec
45757,2916897,2021-04-27,Quebec
50312,2967209,2021-04-28,Quebec
72303,3039512,2021-04-29,Quebec
64514,3104026,2021-04-30,Quebec
63633,3167659,2021-05-01,Quebec
50555,3218214,2021-05-02,Quebec
38187,3256401,2021-05-03,Quebec
52141,3308542,2021-05-04,Quebec
57033,3365575,2021-05-05,Quebec
80582,3446157,2021-05-06,Quebec
104742,3550899,2021-05-07,Quebec
91009,3641908,2021-05-08,Quebec
76166,3718074,2021-05-09,Quebec
63377,3781451,2021-05-10,Quebec
103042,3884493,2021-05-11,Quebec
34391,3918884,2021-05-12,Quebec
95959,4014843,2021-05-13,Quebec
112925,4127768,2021-05-14,Quebec
102752,4230520,2021-05-15,Quebec
92520,4323040,2021-05-16,Quebec
73467,4396507,2021-05-17,Quebec
72548,4469055,2021-05-18,Quebec
74310,4543365,2021-05-19,Quebec
93314,4636679,2021-05-20,Quebec
110513,4747192,2021-05-21,Quebec
96443,4843635,2021-05-22,Quebec
85419,4929054,2021-05-23,Quebec
68180,4997234,2021-05-24,Quebec
54447,5051681,2021-05-25,Quebec
59965,5111646,2021-05-26,Quebec
90486,5202132,2021-05-27,Quebec
104204,5306336,2021-05-28,Quebec
99549,5405885,2021-05-29,Quebec
97392,5503277,2021-05-30,Quebec
79798,5583075,2021-05-31,Quebec
65917,5648992,2021-06-01,Quebec
70847,5719839,2021-06-02,Quebec
88625,5808464,2021-06-03,Quebec
98232,5906696,2021-06-04,Quebec
94384,6001080,2021-06-05,Quebec
84670,6085750,2021-06-06,Quebec
68021,6153771,2021-06-07,Quebec
66963,6220734,2021-06-08,Quebec
77070,6297804,2021-06-09,Quebec
87713,6385517,2021-06-10,Quebec
115333,6500850,2021-06-11,Quebec
94528,6595378,2021-06-12,Quebec
102325,6697703,2021-06-13,Quebec
79038,6776741,2021-06-14,Quebec
91732,6868473,2021-06-15,Quebec
87000,6955473,2021-06-16,Quebec
99580,7055053,2021-06-17,Quebec
103391,7158444,2021-06-18,Quebec
91197,7249641,2021-06-19,Quebec
75770,7325411,2021-06-20,Quebec
60990,7386401,2021-06-21,Quebec
86458,7472859,2021-06-22,Quebec
100106,7572965,2021-06-23,Quebec
119890,7692855,2021-06-24,Quebec
68155,7761010,2021-06-25,Quebec
0,7761010,2021-06-26,Quebec
0,7761010,2021-06-27,Quebec
292519,8053529,2021-06-28,Quebec
107827,8161356,2021-06-29,Quebec
108607,8269963,2021-06-30,Quebec
0,8269963,2021-07-01,Quebec
221341,8491304,2021-07-02,Quebec
0,8491304,2021-07-03,Quebec
0,8491304,2021-07-04,Quebec
266636,8757940,2021-07-05,Quebec
99987,8857927,2021-07-06,Quebec
106467,8964394,2021-07-07,Quebec
115116,9079510,2021-07-08,Quebec
122108,9201618,2021-07-09,Quebec
0,9201618,2021-07-10,Quebec
0,9201618,2021-07-11,Quebec
265768,9467386,2021-07-12,Quebec
88600,9555986,2021-07-13,Quebec
92825,9648811,2021-07-14,Quebec
103535,9752346,2021-07-15,Quebec
101415,9853761,2021-07-16,Quebec
0,9853761,2021-07-17,Quebec
0,9853761,2021-07-18,Quebec
230322,10084083,2021-07-19,Quebec
83673,10167756,2021-07-20,Quebec
100819,10268575,2021-07-21,Quebec
105088,10373663,2021-07-22,Quebec
96034,10469697,2021-07-23,Quebec
0,10469697,2021-07-24,Quebec
0,10469697,2021-07-25,Quebec
222851,10692548,2021-07-26,Quebec
75892,10768440,2021-07-27,Quebec
72398,10840838,2021-07-28,Quebec
71186,10912024,2021-07-29,Quebec
68123,10980147,2021-07-30,Quebec
0,10980147,2021-07-31,Quebec
0,10980147,2021-08-01,Quebec
217725,11197872,2021-08-02,Quebec
49283,11247155,2021-08-03,Quebec
50140,11297295,2021-08-04,Quebec
48292,11345587,2021-08-05,Quebec
54031,11399618,2021-08-06,Quebec
60753,11460371,2021-08-07,Quebec
47506,11507877,2021-08-08,Quebec
30130,11538007,2021-08-09,Quebec
42470,11580477,2021-08-10,Quebec
38213,11618690,2021-08-11,Quebec
45501,11664191,2021-08-12,Quebec
50435,11714626,2021-08-13,Quebec
58385,11773011,2021-08-14,Quebec
55396,11828407,2021-08-15,Quebec
37243,11865650,2021-08-16,Quebec
45184,11910834,2021-08-17,Quebec
0,0,2020-12-14,Saskatchewan
11,11,2020-12-15,Saskatchewan
0,11,2020-12-16,Saskatchewan
239,250,2020-12-17,Saskatchewan
301,551,2020-12-18,Saskatchewan
0,551,2020-12-19,Saskatchewan
0,551,2020-12-20,Saskatchewan
734,1285,2020-12-21,Saskatchewan
234,1519,2020-12-22,Saskatchewan
78,1597,2020-12-23,Saskatchewan
189,1786,2020-12-24,Saskatchewan
0,1786,2020-12-25,Saskatchewan
0,1786,2020-12-26,Saskatchewan
0,1786,2020-12-27,Saskatchewan
0,1786,2020-12-28,Saskatchewan
585,2371,2020-12-29,Saskatchewan
571,2942,2020-12-30,Saskatchewan
516,3458,2020-12-31,Saskatchewan
0,3458,2021-01-01,Saskatchewan
264,3722,2021-01-02,Saskatchewan
144,3866,2021-01-03,Saskatchewan
147,4013,2021-01-04,Saskatchewan
241,4254,2021-01-05,Saskatchewan
270,4524,2021-01-06,Saskatchewan
308,4832,2021-01-07,Saskatchewan
1183,6015,2021-01-08,Saskatchewan
949,6964,2021-01-09,Saskatchewan
965,7929,2021-01-10,Saskatchewan
1019,8948,2021-01-11,Saskatchewan
932,9880,2021-01-12,Saskatchewan
520,10400,2021-01-13,Saskatchewan
1585,11985,2021-01-14,Saskatchewan
2032,14017,2021-01-15,Saskatchewan
2910,16927,2021-01-16,Saskatchewan
3232,20159,2021-01-17,Saskatchewan
2459,22618,2021-01-18,Saskatchewan
1957,24575,2021-01-19,Saskatchewan
2658,27233,2021-01-20,Saskatchewan
2548,29781,2021-01-21,Saskatchewan
1494,31275,2021-01-22,Saskatchewan
1110,32385,2021-01-23,Saskatchewan
654,33039,2021-01-24,Saskatchewan
314,33353,2021-01-25,Saskatchewan
727,34080,2021-01-26,Saskatchewan
535,34615,2021-01-27,Saskatchewan
57,34672,2021-01-28,Saskatchewan
419,35091,2021-01-29,Saskatchewan
148,35239,2021-01-30,Saskatchewan
120,35359,2021-01-31,Saskatchewan
88,35447,2021-02-01,Saskatchewan
128,35575,2021-02-02,Saskatchewan
188,35763,2021-02-03,Saskatchewan
764,36527,2021-02-04,Saskatchewan
2183,38710,2021-02-05,Saskatchewan
2544,41254,2021-02-06,Saskatchewan
0,41254,2021-02-07,Saskatchewan
1733,42987,2021-02-08,Saskatchewan
1534,44521,2021-02-09,Saskatchewan
850,45371,2021-02-10,Saskatchewan
892,46263,2021-02-11,Saskatchewan
525,46788,2021-02-12,Saskatchewan
1778,48566,2021-02-13,Saskatchewan
1079,49645,2021-02-14,Saskatchewan
0,49645,2021-02-15,Saskatchewan
196,49841,2021-02-16,Saskatchewan
485,50326,2021-02-17,Saskatchewan
139,50465,2021-02-18,Saskatchewan
2565,53030,2021-02-19,Saskatchewan
4794,57824,2021-02-20,Saskatchewan
2919,60743,2021-02-21,Saskatchewan
987,61730,2021-02-22,Saskatchewan
612,62342,2021-02-23,Saskatchewan
1003,63345,2021-02-24,Saskatchewan
2091,65436,2021-02-25,Saskatchewan
4015,69451,2021-02-26,Saskatchewan
6050,75501,2021-02-27,Saskatchewan
2725,78226,2021-02-28,Saskatchewan
1063,79289,2021-03-01,Saskatchewan
947,80236,2021-03-02,Saskatchewan
1361,81597,2021-03-03,Saskatchewan
2493,84090,2021-03-04,Saskatchewan
2789,86879,2021-03-05,Saskatchewan
3577,90456,2021-03-06,Saskatchewan
1428,91884,2021-03-07,Saskatchewan
892,92776,2021-03-08,Saskatchewan
736,93512,2021-03-09,Saskatchewan
874,94386,2021-03-10,Saskatchewan
1493,95879,2021-03-11,Saskatchewan
2692,98571,2021-03-12,Saskatchewan
1624,100195,2021-03-13,Saskatchewan
2220,102415,2021-03-14,Saskatchewan
2009,104424,2021-03-15,Saskatchewan
4245,108669,2021-03-16,Saskatchewan
3499,112168,2021-03-17,Saskatchewan
6027,118195,2021-03-18,Saskatchewan
0,118195,2021-03-19,Saskatchewan
15281,133476,2021-03-20,Saskatchewan
6351,139827,2021-03-21,Saskatchewan
4344,144171,2021-03-22,Saskatchewan
5038,149209,2021-03-23,Saskatchewan
2298,151507,2021-03-24,Saskatchewan
4247,155754,2021-03-25,Saskatchewan
6941,162695,2021-03-26,Saskatchewan
4814,167509,2021-03-27,Saskatchewan
6187,173696,2021-03-28,Saskatchewan
6104,179800,2021-03-29,Saskatchewan
4636,184436,2021-03-30,Saskatchewan
8491,192927,2021-03-31,Saskatchewan
7706,200633,2021-04-01,Saskatchewan
8109,208742,2021-04-02,Saskatchewan
5504,214246,2021-04-03,Saskatchewan
0,214246,2021-04-04,Saskatchewan
7287,221533,2021-04-05,Saskatchewan
5938,227471,2021-04-06,Saskatchewan
6738,234209,2021-04-07,Saskatchewan
10437,244646,2021-04-08,Saskatchewan
11634,256280,2021-04-09,Saskatchewan
12615,268895,2021-04-10,Saskatchewan
13170,282065,2021-04-11,Saskatchewan
8856,290921,2021-04-12,Saskatchewan
7846,298767,2021-04-13,Saskatchewan
8682,307449,2021-04-14,Saskatchewan
7956,315405,2021-04-15,Saskatchewan
8168,323573,2021-04-16,Saskatchewan
10490,334063,2021-04-17,Saskatchewan
11063,345126,2021-04-18,Saskatchewan
7043,352169,2021-04-19,Saskatchewan
5278,357447,2021-04-20,Saskatchewan
7554,365001,2021-04-21,Saskatchewan
7333,372334,2021-04-22,Saskatchewan
9801,382135,2021-04-23,Saskatchewan
10159,392294,2021-04-24,Saskatchewan
7451,399745,2021-04-25,Saskatchewan
3639,403384,2021-04-26,Saskatchewan
5045,408429,2021-04-27,Saskatchewan
7334,415763,2021-04-28,Saskatchewan
6218,421981,2021-04-29,Saskatchewan
5758,427739,2021-04-30,Saskatchewan
7403,435142,2021-05-01,Saskatchewan
8527,443669,2021-05-02,Saskatchewan
7154,450823,2021-05-03,Saskatchewan
9924,460747,2021-05-04,Saskatchewan
9968,470715,2021-05-05,Saskatchewan
10195,480910,2021-05-06,Saskatchewan
10530,491440,2021-05-07,Saskatchewan
13042,504482,2021-05-08,Saskatchewan
13651,518133,2021-05-09,Saskatchewan
9124,527257,2021-05-10,Saskatchewan
3050,530307,2021-05-11,Saskatchewan
6737,537044,2021-05-12,Saskatchewan
8415,545459,2021-05-13,Saskatchewan
7930,553389,2021-05-14,Saskatchewan
18568,571957,2021-05-15,Saskatchewan
18995,590952,2021-05-16,Saskatchewan
12173,603125,2021-05-17,Saskatchewan
5399,608524,2021-05-18,Saskatchewan
6935,615459,2021-05-19,Saskatchewan
4777,620236,2021-05-20,Saskatchewan
10347,630583,2021-05-21,Saskatchewan
14801,645384,2021-05-22,Saskatchewan
11004,656388,2021-05-23,Saskatchewan
6466,662854,2021-05-24,Saskatchewan
2339,665193,2021-05-25,Saskatchewan
4654,669847,2021-05-26,Saskatchewan
9427,679274,2021-05-27,Saskatchewan
14351,693625,2021-05-28,Saskatchewan
12923,706548,2021-05-29,Saskatchewan
11061,717609,2021-05-30,Saskatchewan
8039,725648,2021-05-31,Saskatchewan
5304,730952,2021-06-01,Saskatchewan
9299,740251,2021-06-02,Saskatchewan
14579,754830,2021-06-03,Saskatchewan
15633,770463,2021-06-04,Saskatchewan
16667,787130,2021-06-05,Saskatchewan
13642,800772,2021-06-06,Saskatchewan
8628,809400,2021-06-07,Saskatchewan
6724,816124,2021-06-08,Saskatchewan
12528,828652,2021-06-09,Saskatchewan
16787,845439,2021-06-10,Saskatchewan
15212,860651,2021-06-11,Saskatchewan
18014,878665,2021-06-12,Saskatchewan
14849,893514,2021-06-13,Saskatchewan
9928,903442,2021-06-14,Saskatchewan
6880,910322,2021-06-15,Saskatchewan
12013,922335,2021-06-16,Saskatchewan
15402,937737,2021-06-17,Saskatchewan
24260,961997,2021-06-18,Saskatchewan
19737,981734,2021-06-19,Saskatchewan
16084,997818,2021-06-20,Saskatchewan
961,998779,2021-06-21,Saskatchewan
6496,1005275,2021-06-22,Saskatchewan
18423,1023698,2021-06-23,Saskatchewan
24971,1048669,2021-06-24,Saskatchewan
20988,1069657,2021-06-25,Saskatchewan
23323,1092980,2021-06-26,Saskatchewan
22308,1115288,2021-06-27,Saskatchewan
12395,1127683,2021-06-28,Saskatchewan
8617,1136300,2021-06-29,Saskatchewan
17420,1153720,2021-06-30,Saskatchewan
19834,1173554,2021-07-01,Saskatchewan
20981,1194535,2021-07-02,Saskatchewan
8392,1202927,2021-07-03,Saskatchewan
13445,1216372,2021-07-04,Saskatchewan
8814,1225186,2021-07-05,Saskatchewan
8348,1233534,2021-07-06,Saskatchewan
13719,1247253,2021-07-07,Saskatchewan
13314,1260567,2021-07-08,Saskatchewan
12678,1273245,2021-07-09,Saskatchewan
15623,1288868,2021-07-10,Saskatchewan
10320,1299188,2021-07-11,Saskatchewan
5458,1304646,2021-07-12,Saskatchewan
2419,1307065,2021-07-13,Saskatchewan
6358,1313423,2021-07-14,Saskatchewan
7787,1321210,2021-07-15,Saskatchewan
10925,1332135,2021-07-16,Saskatchewan
9426,1341561,2021-07-17,Saskatchewan
6406,1347967,2021-07-18,Saskatchewan
2704,1350671,2021-07-19,Saskatchewan
2636,1353307,2021-07-20,Saskatchewan
5413,1358720,2021-07-21,Saskatchewan
7286,1366006,2021-07-22,Saskatchewan
8204,1374210,2021-07-23,Saskatchewan
6856,1381066,2021-07-24,Saskatchewan
4722,1385788,2021-07-25,Saskatchewan
2542,1388330,2021-07-26,Saskatchewan
1933,1390263,2021-07-27,Saskatchewan
4562,1394825,2021-07-28,Saskatchewan
6019,1400844,2021-07-29,Saskatchewan
5345,1406189,2021-07-30,Saskatchewan
5308,1411497,2021-07-31,Saskatchewan
4099,1415596,2021-08-01,Saskatchewan
1531,1417127,2021-08-02,Saskatchewan
775,1417902,2021-08-03,Saskatchewan
1057,1418959,2021-08-04,Saskatchewan
3861,1422820,2021-08-05,Saskatchewan
3707,1426527,2021-08-06,Saskatchewan
3491,1430018,2021-08-07,Saskatchewan
2542,1432560,2021-08-08,Saskatchewan
1197,1433757,2021-08-09,Saskatchewan
853,1434610,2021-08-10,Saskatchewan
1912,1436522,2021-08-11,Saskatchewan
2755,1439277,2021-08-12,Saskatchewan
2539,1441816,2021-08-13,Saskatchewan
2562,1444378,2021-08-14,Saskatchewan
2283,1446661,2021-08-15,Saskatchewan
1166,1447827,2021-08-16,Saskatchewan
541,1448368,2021-08-17,Saskatchewan
0,0,2020-12-14,Yukon
0,0,2020-12-15,Yukon
0,0,2020-12-16,Yukon
0,0,2020-12-17,Yukon
0,0,2020-12-18,Yukon
0,0,2020-12-19,Yukon
0,0,2020-12-20,Yukon
0,0,2020-12-21,Yukon
0,0,2020-12-22,Yukon
0,0,2020-12-23,Yukon
0,0,2020-12-24,Yukon
0,0,2020-12-25,Yukon
0,0,2020-12-26,Yukon
0,0,2020-12-27,Yukon
0,0,2020-12-28,Yukon
0,0,2020-12-29,Yukon
0,0,2020-12-30,Yukon
0,0,2020-12-31,Yukon
0,0,2021-01-01,Yukon
0,0,2021-01-02,Yukon
0,0,2021-01-03,Yukon
50,50,2021-01-04,Yukon
0,50,2021-01-05,Yukon
0,50,2021-01-06,Yukon
260,310,2021-01-07,Yukon
0,310,2021-01-08,Yukon
0,310,2021-01-09,Yukon
0,310,2021-01-10,Yukon
185,495,2021-01-11,Yukon
0,495,2021-01-12,Yukon
190,685,2021-01-13,Yukon
0,685,2021-01-14,Yukon
499,1184,2021-01-15,Yukon
0,1184,2021-01-16,Yukon
0,1184,2021-01-17,Yukon
163,1347,2021-01-18,Yukon
0,1347,2021-01-19,Yukon
1243,2590,2021-01-20,Yukon
570,3160,2021-01-21,Yukon
570,3730,2021-01-22,Yukon
0,3730,2021-01-23,Yukon
0,3730,2021-01-24,Yukon
222,3952,2021-01-25,Yukon
445,4397,2021-01-26,Yukon
773,5170,2021-01-27,Yukon
0,5170,2021-01-28,Yukon
1326,6496,2021-01-29,Yukon
0,6496,2021-01-30,Yukon
0,6496,2021-01-31,Yukon
889,7385,2021-02-01,Yukon
0,7385,2021-02-02,Yukon
1706,9091,2021-02-03,Yukon
840,9931,2021-02-04,Yukon
588,10519,2021-02-05,Yukon
0,10519,2021-02-06,Yukon
0,10519,2021-02-07,Yukon
540,11059,2021-02-08,Yukon
175,11234,2021-02-09,Yukon
110,11344,2021-02-10,Yukon
90,11434,2021-02-11,Yukon
80,11514,2021-02-12,Yukon
0,11514,2021-02-13,Yukon
0,11514,2021-02-14,Yukon
0,11514,2021-02-15,Yukon
0,11514,2021-02-16,Yukon
0,11514,2021-02-17,Yukon
30,11544,2021-02-18,Yukon
306,11850,2021-02-19,Yukon
0,11850,2021-02-20,Yukon
0,11850,2021-02-21,Yukon
323,12173,2021-02-22,Yukon
1250,13423,2021-02-23,Yukon
941,14364,2021-02-24,Yukon
810,15174,2021-02-25,Yukon
0,15174,2021-02-26,Yukon
0,15174,2021-02-27,Yukon
0,15174,2021-02-28,Yukon
897,16071,2021-03-01,Yukon
1097,17168,2021-03-02,Yukon
990,18158,2021-03-03,Yukon
0,18158,2021-03-04,Yukon
1279,19437,2021-03-05,Yukon
1660,21097,2021-03-06,Yukon
0,21097,2021-03-07,Yukon
2424,23521,2021-03-08,Yukon
891,24412,2021-03-09,Yukon
1162,25574,2021-03-10,Yukon
800,26374,2021-03-11,Yukon
0,26374,2021-03-12,Yukon
1364,27738,2021-03-13,Yukon
0,27738,2021-03-14,Yukon
2232,29970,2021-03-15,Yukon
599,30569,2021-03-16,Yukon
605,31174,2021-03-17,Yukon
0,31174,2021-03-18,Yukon
0,31174,2021-03-19,Yukon
1176,32350,2021-03-20,Yukon
0,32350,2021-03-21,Yukon
790,33140,2021-03-22,Yukon
303,33443,2021-03-23,Yukon
160,33603,2021-03-24,Yukon
0,33603,2021-03-25,Yukon
222,33825,2021-03-26,Yukon
0,33825,2021-03-27,Yukon
0,33825,2021-03-28,Yukon
556,34381,2021-03-29,Yukon
447,34828,2021-03-30,Yukon
286,35114,2021-03-31,Yukon
356,35470,2021-04-01,Yukon
0,35470,2021-04-02,Yukon
0,35470,2021-04-03,Yukon
0,35470,2021-04-04,Yukon
0,35470,2021-04-05,Yukon
1723,37193,2021-04-06,Yukon
776,37969,2021-04-07,Yukon
0,37969,2021-04-08,Yukon
813,38782,2021-04-09,Yukon
905,39687,2021-04-10,Yukon
0,39687,2021-04-11,Yukon
1831,41518,2021-04-12,Yukon
836,42354,2021-04-13,Yukon
503,42857,2021-04-14,Yukon
571,43428,2021-04-15,Yukon
618,44046,2021-04-16,Yukon
0,44046,2021-04-17,Yukon
0,44046,2021-04-18,Yukon
1345,45391,2021-04-19,Yukon
580,45971,2021-04-20,Yukon
0,45971,2021-04-21,Yukon
622,46593,2021-04-22,Yukon
229,46822,2021-04-23,Yukon
0,46822,2021-04-24,Yukon
0,46822,2021-04-25,Yukon
595,47417,2021-04-26,Yukon
346,47763,2021-04-27,Yukon
179,47942,2021-04-28,Yukon
189,48131,2021-04-29,Yukon
176,48307,2021-04-30,Yukon
0,48307,2021-05-01,Yukon
0,48307,2021-05-02,Yukon
348,48655,2021-05-03,Yukon
0,48655,2021-05-04,Yukon
286,48941,2021-05-05,Yukon
199,49140,2021-05-06,Yukon
299,49439,2021-05-07,Yukon
0,49439,2021-05-08,Yukon
0,49439,2021-05-09,Yukon
397,49836,2021-05-10,Yukon
0,49836,2021-05-11,Yukon
434,50270,2021-05-12,Yukon
0,50270,2021-05-13,Yukon
382,50652,2021-05-14,Yukon
0,50652,2021-05-15,Yukon
0,50652,2021-05-16,Yukon
346,50998,2021-05-17,Yukon
0,50998,2021-05-18,Yukon
367,51365,2021-05-19,Yukon
169,51534,2021-05-20,Yukon
224,51758,2021-05-21,Yukon
0,51758,2021-05-22,Yukon
0,51758,2021-05-23,Yukon
0,51758,2021-05-24,Yukon
350,52108,2021-05-25,Yukon
252,52360,2021-05-26,Yukon
175,52535,2021-05-27,Yukon
114,52649,2021-05-28,Yukon
0,52649,2021-05-29,Yukon
0,52649,2021-05-30,Yukon
264,52913,2021-05-31,Yukon
0,52913,2021-06-01,Yukon
426,53339,2021-06-02,Yukon
386,53725,2021-06-03,Yukon
441,54166,2021-06-04,Yukon
0,54166,2021-06-05,Yukon
0,54166,2021-06-06,Yukon
372,54538,2021-06-07,Yukon
0,54538,2021-06-08,Yukon
294,54832,2021-06-09,Yukon
381,55213,2021-06-10,Yukon
272,55485,2021-06-11,Yukon
0,55485,2021-06-12,Yukon
0,55485,2021-06-13,Yukon
0,55485,2021-06-14,Yukon
359,55844,2021-06-15,Yukon
435,56279,2021-06-16,Yukon
361,56640,2021-06-17,Yukon
0,56640,2021-06-18,Yukon
377,57017,2021-06-19,Yukon
0,57017,2021-06-20,Yukon
0,57017,2021-06-21,Yukon
0,57017,2021-06-22,Yukon
699,57716,2021-06-23,Yukon
0,57716,2021-06-24,Yukon
376,58092,2021-06-25,Yukon
0,58092,2021-06-26,Yukon
0,58092,2021-06-27,Yukon
0,58092,2021-06-28,Yukon
0,58092,2021-06-29,Yukon
1281,59373,2021-06-30,Yukon
0,59373,2021-07-01,Yukon
0,59373,2021-07-02,Yukon
0,59373,2021-07-03,Yukon
0,59373,2021-07-04,Yukon
0,59373,2021-07-05,Yukon
328,59701,2021-07-06,Yukon
671,60372,2021-07-07,Yukon
0,60372,2021-07-08,Yukon
786,61158,2021-07-09,Yukon
0,61158,2021-07-10,Yukon
0,61158,2021-07-11,Yukon
0,61158,2021-07-12,Yukon
393,61551,2021-07-13,Yukon
0,61551,2021-07-14,Yukon
0,61551,2021-07-15,Yukon
332,61883,2021-07-16,Yukon
0,61883,2021-07-17,Yukon
0,61883,2021-07-18,Yukon
300,62183,2021-07-19,Yukon
0,62183,2021-07-20,Yukon
0,62183,2021-07-21,Yukon
374,62557,2021-07-22,Yukon
109,62666,2021-07-23,Yukon
0,62666,2021-07-24,Yukon
0,62666,2021-07-25,Yukon
239,62905,2021-07-26,Yukon
0,62905,2021-07-27,Yukon
164,63069,2021-07-28,Yukon
173,63242,2021-07-29,Yukon
0,63242,2021-07-30,Yukon
0,63242,2021-07-31,Yukon
0,63242,2021-08-01,Yukon
321,63563,2021-08-02,Yukon
0,63563,2021-08-03,Yukon
0,63563,2021-08-04,Yukon
261,63824,2021-08-05,Yukon
0,63824,2021-08-06,Yukon
0,63824,2021-08-07,Yukon
0,63824,2021-08-08,Yukon
234,64058,2021-08-09,Yukon
0,64058,2021-08-10,Yukon
0,64058,2021-08-11,Yukon
205,64263,2021-08-12,Yukon
0,64263,2021-08-13,Yukon
0,64263,2021-08-14,Yukon
0,64263,2021-08-15,Yukon
0,64263,2021-08-16,Yukon
135,64398,2021-08-17,Yukon
